"Plot"	"Year"	"LUI"	"Poa_tri"	"Poa_pra"	"Alo_pra"	"Dac_glo"	"Tri_rep"	"Tar_off"	"Lol_per"	"Arr_ela"	"Fes_rub"	"Fes_pra"	"Tri_fla"	"Ely_rep"	"Tri_pra"	"Ran_rep"	"Bro_ere"	"Ran_acr"	"Bro_hor"	"Pla_lan"	"Ant_syl"	"Her_sph"	"Gal_mol"	"Hol_lan"	"Hel_pub"	"Car_hir"	"Bra_pin"	"Pha_aru"
"AEG01"	2008	1.74	1	1	0	1	1	1	1	1	0	0	1	0	1	0	0	1	1	1	1	1	1	0	1	0	0	0
"AEG02"	2008	2.74	1	0	0	1	1	1	1	0	0	0	1	0	0	0	0	0	1	0	0	0	0	0	0	0	0	0
"AEG03"	2008	2.22	1	0	0	1	1	1	1	0	0	1	1	0	1	0	0	1	0	1	0	1	1	0	1	0	0	0
"AEG04"	2008	1.71	1	0	1	1	0	1	1	1	0	1	0	0	1	1	0	0	1	0	1	1	0	0	0	0	0	0
"AEG05"	2008	1.88	1	1	1	1	0	1	1	1	0	0	1	0	0	1	0	1	0	0	1	1	1	0	0	0	0	0
"AEG06"	2008	2.86	1	0	1	1	0	1	1	1	0	1	1	0	1	0	0	1	1	1	1	1	1	0	0	0	0	0
"AEG07"	2008	0.47	0	1	0	0	0	1	0	0	0	0	0	0	0	0	1	0	0	1	0	0	0	0	0	0	1	0
"AEG08"	2008	1.36	0	1	0	1	1	1	0	1	1	1	1	0	1	1	1	0	0	1	0	0	1	0	1	0	0	0
"AEG09"	2008	0.56	0	1	0	0	1	0	0	0	0	0	0	0	1	0	1	0	0	1	0	0	0	0	1	0	1	0
"AEG10"	2008	0.99	1	1	0	1	1	1	1	1	1	1	1	0	1	0	0	1	1	1	0	0	1	0	1	0	0	0
"AEG11"	2008	2.01	1	1	1	1	0	1	1	0	1	1	1	0	0	0	0	1	0	1	1	1	1	1	1	0	0	0
"AEG12"	2008	1.74	1	1	1	1	1	1	1	1	0	0	1	0	1	0	0	1	0	1	1	1	1	0	1	0	0	0
"AEG13"	2008	1.74	1	0	1	1	1	1	1	1	1	0	1	0	1	0	0	1	1	1	0	1	1	0	0	0	0	0
"AEG14"	2008	2.23	1	0	0	1	1	1	1	0	0	1	1	0	1	0	0	1	0	1	1	1	1	0	0	0	0	0
"AEG15"	2008	2.63	1	0	0	1	1	1	1	0	1	0	1	0	1	1	0	1	0	1	1	0	1	0	0	0	0	0
"AEG16"	2008	1.88	0	0	0	0	0	0	0	0	0	0	0	0	0	0	0	0	0	0	0	0	0	0	0	0	0	0
"AEG17"	2008	2.33	1	1	1	1	1	1	1	0	0	1	1	0	1	0	0	1	0	1	0	1	1	0	1	0	0	0
"AEG18"	2008	2.44	1	1	1	0	1	1	1	1	0	1	1	0	1	0	0	1	1	1	0	1	1	0	1	0	0	0
"AEG19"	2008	3.27	1	1	1	1	0	1	0	1	0	1	1	0	0	1	0	1	0	0	1	1	1	0	0	0	0	0
"AEG20"	2008	2.03	1	1	0	1	1	1	0	1	1	1	1	0	0	1	0	1	0	0	0	0	1	1	0	0	0	0
"AEG21"	2008	4.57	1	1	1	1	1	1	1	0	0	0	0	0	1	1	0	1	0	1	1	1	0	0	0	0	0	0
"AEG22"	2008	0.99	0	0	0	1	0	1	0	0	1	0	1	0	0	0	1	1	0	1	0	0	1	0	1	0	0	0
"AEG23"	2008	1.4	1	1	1	1	1	1	1	0	1	1	1	0	1	0	0	1	1	1	1	1	1	0	0	0	0	0
"AEG24"	2008	2.36	1	0	1	1	1	1	1	0	0	0	1	0	1	0	0	1	1	1	1	1	0	0	0	0	0	0
"AEG25"	2008	0.67	0	1	0	1	1	0	0	0	1	0	0	0	0	0	1	0	0	1	0	0	0	1	0	0	0	0
"AEG26"	2008	1.45	0	0	0	0	0	0	0	0	0	0	0	0	1	0	1	0	0	1	0	0	0	0	0	0	1	0
"AEG27"	2008	1.34	0	0	0	0	0	1	0	0	0	0	0	0	1	0	1	0	0	1	0	0	0	0	0	0	1	0
"AEG28"	2008	0.7	1	1	0	1	1	1	1	0	1	1	1	0	1	0	1	0	1	1	0	0	0	0	1	0	1	0
"AEG29"	2008	1.42	1	0	0	1	1	1	1	0	0	0	1	0	1	1	0	1	0	1	1	1	0	0	0	0	0	0
"AEG30"	2008	1.01	1	1	1	1	1	1	0	1	1	1	1	0	1	0	0	1	0	1	1	0	1	1	1	0	0	0
"AEG31"	2008	0.7	1	1	1	1	0	0	0	1	1	1	1	0	0	0	0	1	0	1	1	0	1	1	1	0	0	0
"AEG32"	2008	0.58	0	1	0	1	0	1	0	0	1	1	1	0	0	1	0	1	0	1	1	0	1	1	1	0	0	0
"AEG33"	2008	1.63	1	1	0	1	1	1	1	0	1	1	1	0	1	1	0	1	0	1	0	0	0	0	1	0	0	0
"AEG34"	2008	1.03	1	1	0	1	1	1	1	0	1	1	1	0	1	0	0	1	1	1	0	0	1	0	0	0	0	0
"AEG35"	2008	1.74	0	1	1	1	1	1	0	1	0	1	1	0	0	0	0	1	0	1	1	0	1	1	0	0	0	0
"AEG36"	2008	1.74	1	1	1	1	1	1	0	1	1	0	1	0	1	0	0	1	0	1	1	0	1	1	1	0	0	0
"AEG37"	2008	1.74	1	1	1	1	0	1	1	0	0	0	1	0	1	0	0	1	1	0	1	1	0	0	0	0	0	0
"AEG38"	2008	1.4	1	1	1	1	1	1	1	1	1	0	1	0	1	0	0	1	1	1	0	0	1	1	1	0	0	0
"AEG39"	2008	1.74	1	0	1	1	1	1	1	1	0	0	1	0	1	0	0	1	1	0	1	1	0	0	0	0	0	0
"AEG40"	2008	2.06	1	1	0	1	1	1	1	1	0	0	1	0	1	0	0	1	0	1	1	1	1	0	0	0	0	0
"AEG41"	2008	2.3	1	1	1	1	1	1	0	1	0	1	1	0	1	0	0	1	1	1	1	1	1	0	1	0	0	0
"AEG42"	2008	2.42	1	1	1	1	1	1	0	1	0	1	1	0	1	0	0	1	0	1	1	1	1	0	0	0	0	0
"AEG43"	2008	2.13	1	1	1	1	1	1	1	0	0	1	1	0	1	1	0	1	0	1	1	1	1	0	0	0	0	0
"AEG44"	2008	2.06	1	1	1	1	1	1	0	1	1	1	0	0	1	0	0	1	1	1	1	1	1	0	1	0	0	0
"AEG45"	2008	1.4	1	0	0	1	1	1	1	0	0	1	1	0	1	1	0	1	1	0	1	1	0	0	0	0	0	0
"AEG46"	2008	1.53	1	1	1	1	1	1	1	0	1	1	1	0	1	1	0	1	0	0	1	0	1	0	0	0	0	0
"AEG47"	2008	0.58	0	1	0	0	1	0	0	0	0	0	0	0	1	0	1	0	0	1	0	0	1	0	0	0	1	0
"AEG48"	2008	0.72	0	0	0	0	0	1	0	0	0	0	0	0	0	0	1	0	0	0	0	0	0	0	0	0	1	0
"AEG49"	2008	1.12	0	1	0	1	1	1	1	0	1	1	0	0	1	0	0	1	1	1	0	0	0	0	1	0	0	0
"AEG50"	2008	2.24	1	1	0	1	0	0	1	0	0	0	0	0	0	0	0	0	1	0	0	0	0	0	0	0	0	0
"HEG01"	2008	2.72	1	0	0	0	1	1	1	0	0	0	0	0	0	0	0	0	0	0	0	0	0	0	0	0	0	0
"HEG02"	2008	2.19	1	1	0	0	1	1	1	0	1	1	0	0	0	1	0	0	0	0	0	0	0	0	0	0	0	0
"HEG03"	2008	2.19	1	1	1	1	1	1	0	1	0	0	1	0	1	0	0	0	0	1	0	0	1	0	0	0	0	0
"HEG04"	2008	1.97	0	1	0	1	1	1	0	0	1	1	0	0	0	1	0	0	0	0	0	1	0	0	0	0	0	0
"HEG05"	2008	2.24	0	0	0	0	0	0	0	0	0	0	0	0	0	0	0	0	0	0	0	0	0	0	0	0	0	0
"HEG06"	2008	1.88	0	1	0	1	1	1	0	1	0	1	0	0	1	0	0	0	1	1	0	1	0	1	0	0	0	0
"HEG07"	2008	1.64	0	1	1	1	1	1	1	0	0	1	0	1	1	0	0	0	1	0	1	0	0	0	0	0	0	0
"HEG08"	2008	1.64	1	1	1	1	1	1	0	0	0	1	1	0	0	1	0	0	1	1	0	0	0	0	0	0	0	0
"HEG09"	2008	0.77	0	1	0	0	1	1	0	1	1	1	0	0	0	0	0	1	0	1	0	0	1	0	1	0	1	0
"HEG10"	2008	0.99	1	1	1	1	0	1	0	1	0	1	0	0	1	1	0	0	1	0	1	0	1	0	0	0	0	0
"HEG11"	2008	0.99	0	1	0	1	0	1	0	0	1	1	0	0	0	0	0	0	1	1	0	0	1	0	0	0	0	0
"HEG12"	2008	2.29	0	1	1	1	1	1	0	0	0	0	0	0	0	1	0	0	1	0	0	0	0	0	0	0	0	0
"HEG13"	2008	1.84	0	0	0	1	1	1	1	0	0	0	0	0	0	1	0	0	0	1	0	0	1	0	0	0	0	0
"HEG14"	2008	2.68	0	1	1	1	1	1	0	1	0	0	0	0	0	0	0	0	0	0	1	0	1	0	0	0	0	0
"HEG15"	2008	1.79	1	1	1	1	1	1	1	1	0	0	1	0	1	0	0	0	1	1	1	1	0	0	0	0	0	0
"HEG16"	2008	0.96	1	1	1	1	1	1	1	0	0	0	0	0	1	1	0	1	0	1	1	0	0	0	0	0	0	0
"HEG17"	2008	0.63	0	1	0	1	1	1	0	1	1	1	0	0	1	0	0	1	0	1	0	0	0	1	0	0	0	0
"HEG18"	2008	0.84	0	1	0	1	1	1	0	0	0	0	0	0	1	1	1	0	0	1	0	0	1	0	1	0	1	0
"HEG19"	2008	0.63	0	1	1	0	1	0	0	0	1	1	1	1	1	1	0	1	0	0	0	0	0	1	0	0	0	0
"HEG20"	2008	0.67	0	1	0	1	1	1	0	1	1	1	0	0	1	1	0	1	0	1	1	0	1	1	0	0	0	0
"HEG21"	2008	0.53	0	1	0	1	0	1	0	1	0	1	0	0	0	0	0	0	1	1	0	0	1	0	0	0	0	0
"HEG22"	2008	1.53	1	0	1	1	1	1	1	0	0	0	0	0	0	1	0	0	1	0	1	0	0	0	0	0	0	0
"HEG23"	2008	1.57	0	1	1	0	1	1	0	0	0	1	0	0	1	1	0	0	1	1	0	0	0	0	0	0	0	0
"HEG24"	2008	1.66	0	0	0	0	0	0	0	0	0	0	0	0	0	0	0	0	0	0	0	0	0	0	0	0	0	0
"HEG25"	2008	1.81	0	1	0	1	0	1	0	1	1	1	0	0	0	0	0	0	0	0	0	0	1	0	1	0	0	0
"HEG26"	2008	0.99	1	0	1	1	0	1	0	1	0	1	0	0	0	0	0	0	1	0	1	0	0	0	0	0	0	0
"HEG27"	2008	1.68	0	1	1	1	0	1	0	0	1	1	0	0	1	0	1	0	1	1	0	0	1	0	1	0	0	0
"HEG28"	2008	2.21	0	1	0	1	0	1	0	0	0	1	0	1	0	0	0	0	1	1	0	0	1	0	0	0	0	0
"HEG29"	2008	1.55	0	1	0	1	1	1	1	0	1	0	0	1	1	0	0	0	0	1	0	0	1	0	0	0	0	0
"HEG30"	2008	2.33	1	1	0	1	1	1	1	1	1	1	0	1	1	0	0	0	1	1	0	0	0	0	0	0	0	0
"HEG31"	2008	1.87	0	1	0	1	0	1	1	0	1	1	1	0	0	1	0	0	0	1	1	1	1	0	0	0	0	0
"HEG32"	2008	1.84	0	1	1	1	1	1	0	0	0	0	0	0	0	0	0	0	1	0	0	0	0	0	0	0	0	0
"HEG33"	2008	1.98	1	1	1	0	1	1	0	0	0	0	0	0	0	1	0	1	1	0	0	0	0	0	0	0	0	0
"HEG34"	2008	1.88	0	1	0	1	1	1	0	0	0	1	0	0	1	1	0	0	1	0	0	0	0	1	0	0	0	0
"HEG35"	2008	1.9	1	1	1	1	1	1	0	0	0	0	0	0	0	0	0	0	1	1	1	0	0	0	0	0	0	0
"HEG36"	2008	2.06	0	1	0	1	1	1	1	1	1	1	0	0	1	0	0	0	1	1	1	0	0	0	0	0	0	0
"HEG37"	2008	2.08	0	1	0	1	1	1	0	1	0	1	0	0	0	0	0	0	1	0	0	0	0	0	0	0	0	0
"HEG38"	2008	1.49	1	1	0	1	1	1	0	0	0	1	0	0	0	0	0	0	1	1	0	0	1	0	0	0	0	0
"HEG39"	2008	1.67	1	1	1	1	1	1	0	0	0	0	0	0	1	1	0	1	0	1	0	1	1	0	0	0	0	0
"HEG40"	2008	0.59	1	1	1	0	1	1	0	1	0	1	0	0	0	1	0	1	1	1	1	0	0	0	0	0	0	0
"HEG41"	2008	0.67	0	1	0	1	1	1	0	1	1	1	0	0	0	0	0	0	0	1	0	0	1	0	0	0	1	0
"HEG42"	2008	0.63	0	1	0	1	1	1	0	1	1	0	0	1	0	0	0	1	0	1	1	0	1	1	0	0	0	0
"HEG43"	2008	0.85	0	1	0	0	0	1	0	1	0	0	0	0	0	0	0	0	0	1	0	1	1	0	0	0	1	0
"HEG44"	2008	0.96	0	1	0	1	1	1	0	1	1	0	0	0	1	0	0	0	0	1	0	0	1	0	1	0	0	0
"HEG45"	2008	0.38	0	1	0	1	1	1	1	0	1	1	0	0	1	1	0	0	1	1	1	1	1	0	1	0	0	0
"HEG46"	2008	0.42	0	0	0	1	1	1	0	0	0	1	0	0	0	0	0	0	0	1	0	0	1	0	0	0	1	0
"HEG47"	2008	1.35	1	1	1	1	1	1	0	1	0	0	0	0	1	1	0	0	1	0	1	1	0	0	0	0	0	0
"HEG48"	2008	1.76	1	1	1	1	1	1	0	1	0	1	0	1	1	0	0	0	1	1	0	0	0	0	0	0	0	0
"HEG49"	2008	2.66	1	1	1	1	1	1	1	1	0	1	0	0	1	1	0	0	1	1	1	1	0	0	0	0	0	0
"HEG50"	2008	2.6	0	1	0	1	0	1	0	1	0	1	0	0	1	0	1	0	1	0	1	0	1	0	0	0	0	0
"SEG01"	2008	2.45	1	1	0	1	1	1	0	1	0	0	0	0	1	1	0	0	0	0	0	0	0	1	0	0	0	0
"SEG02"	2008	1.88	1	1	0	1	0	1	1	0	1	1	0	0	0	1	0	0	0	0	0	1	0	1	0	0	0	0
"SEG03"	2008	1.91	1	1	1	0	1	1	0	0	0	0	0	0	0	1	0	1	0	0	0	1	0	0	0	1	0	0
"SEG04"	2008	0.99	1	0	1	1	0	0	0	1	0	0	0	0	0	0	0	0	0	0	1	0	0	0	0	0	0	1
"SEG05"	2008	0.99	1	1	0	1	0	0	0	1	0	0	0	0	0	0	0	0	0	0	1	0	0	1	0	1	0	0
"SEG06"	2008	1.12	1	1	0	0	1	1	0	0	0	0	0	0	0	1	0	0	0	1	0	0	0	0	0	1	0	1
"SEG07"	2008	1.99	1	1	1	0	0	1	1	0	0	0	0	1	0	0	0	0	1	0	1	1	0	0	0	0	0	0
"SEG08"	2008	1.4	1	1	0	0	0	1	1	0	0	1	0	1	1	1	0	0	0	0	0	1	0	0	0	0	0	0
"SEG09"	2008	1.36	1	1	0	0	1	1	1	0	0	0	0	0	0	1	0	0	0	0	0	0	0	0	0	1	0	1
"SEG10"	2008	1.91	1	1	0	0	0	1	0	0	0	0	0	0	0	1	0	0	0	0	0	1	0	0	0	1	0	1
"SEG11"	2008	1.91	1	1	1	0	0	1	0	0	0	1	0	1	0	1	0	0	0	0	0	1	0	1	0	0	0	0
"SEG12"	2008	2.45	1	0	0	1	1	1	1	0	0	1	0	0	0	1	0	0	0	0	0	0	0	1	0	1	0	0
"SEG13"	2008	2.23	1	1	1	1	0	1	0	1	1	1	1	1	0	0	0	1	0	0	0	1	0	1	0	0	0	0
"SEG14"	2008	0.99	1	0	1	1	0	1	0	0	0	0	0	0	0	1	0	0	1	0	1	0	0	1	0	1	0	0
"SEG15"	2008	0.99	1	1	0	1	0	1	0	1	0	1	0	1	0	1	0	0	0	0	0	1	0	1	0	1	0	1
"SEG16"	2008	0.99	1	0	1	1	0	1	0	1	0	0	0	0	0	0	0	0	0	0	1	1	0	0	0	0	0	0
"SEG17"	2008	1.23	1	1	0	1	0	1	1	0	0	1	0	0	0	1	0	1	0	1	0	0	0	1	0	1	0	0
"SEG18"	2008	1.4	0	1	0	0	0	1	0	1	0	0	0	0	0	0	0	0	0	0	0	0	0	1	0	0	0	0
"SEG19"	2008	0.99	1	1	0	1	0	0	0	0	1	1	0	1	0	1	0	0	0	0	1	0	0	0	0	1	0	1
"SEG20"	2008	1.17	0	1	0	0	1	1	1	0	0	0	0	1	0	1	0	0	1	0	0	0	0	0	0	0	0	0
"SEG21"	2008	2.08	0	1	0	0	1	1	1	0	0	0	0	1	0	0	0	0	1	1	0	0	0	0	0	0	0	0
"SEG22"	2008	1.11	1	0	0	0	1	1	0	0	1	1	0	0	0	1	0	1	1	0	0	1	0	1	0	1	0	0
"SEG23"	2008	1.4	0	1	1	0	0	1	0	0	0	0	0	1	0	0	0	0	0	0	0	0	0	1	0	0	0	1
"SEG24"	2008	1.4	1	1	0	0	0	1	0	1	1	1	0	0	0	1	0	0	0	0	0	0	0	1	0	1	0	0
"SEG25"	2008	1.4	1	1	0	1	1	1	0	0	0	0	0	1	0	1	0	0	1	0	0	0	0	1	0	0	0	0
"SEG26"	2008	0.99	0	0	0	0	0	1	0	1	0	0	0	1	0	1	0	0	0	0	0	1	0	1	0	1	0	1
"SEG27"	2008	0.99	1	1	0	0	1	1	1	0	1	0	0	0	0	0	0	0	0	0	0	0	0	1	0	1	0	0
"SEG28"	2008	1.4	1	1	0	0	0	1	0	0	0	0	0	0	0	1	0	0	0	0	1	1	0	0	0	0	0	0
"SEG29"	2008	0.99	0	1	0	0	0	0	0	0	0	0	0	0	0	1	0	0	0	0	0	1	1	1	0	1	0	1
"SEG30"	2008	0.99	1	1	0	1	0	1	1	1	0	0	0	0	0	0	0	0	1	0	0	0	0	0	0	0	0	0
"SEG31"	2008	0.99	0	1	0	1	0	1	0	1	1	1	0	0	0	0	0	0	0	1	0	0	0	0	0	0	0	0
"SEG32"	2008	0.99	1	1	0	1	0	1	0	1	1	0	0	0	0	0	0	0	1	0	0	0	0	0	0	0	0	0
"SEG33"	2008	1.38	0	1	0	1	0	1	0	0	0	0	0	0	0	0	0	1	1	0	1	0	0	1	0	0	0	0
"SEG34"	2008	2.42	1	1	0	1	0	1	1	0	0	0	0	1	0	0	0	0	1	0	1	0	0	0	0	0	0	0
"SEG35"	2008	2.42	0	1	0	1	0	1	1	0	0	0	0	1	0	0	0	0	1	1	0	0	0	0	0	0	0	0
"SEG36"	2008	2.02	0	1	1	1	1	1	1	0	0	0	0	0	1	1	0	0	1	1	0	0	0	1	0	0	0	0
"SEG37"	2008	1.3	0	1	0	0	1	1	0	1	1	0	0	0	1	0	0	0	0	1	0	0	0	1	0	0	0	0
"SEG38"	2008	1.92	0	1	0	1	1	1	1	0	0	0	0	1	0	0	0	0	1	1	0	0	0	0	0	0	0	0
"SEG39"	2008	0.99	0	1	0	1	1	1	1	0	0	0	0	0	1	0	0	0	1	0	0	0	0	0	0	0	0	0
"SEG40"	2008	1.77	0	1	1	1	1	1	1	0	0	0	0	1	0	0	0	0	1	1	0	0	0	0	0	0	0	0
"SEG41"	2008	1.83	0	1	0	1	1	1	0	0	0	0	0	0	0	0	0	0	0	0	0	0	0	0	0	0	0	0
"SEG42"	2008	4.23	1	1	0	1	1	1	1	0	0	0	0	0	1	1	0	0	1	1	0	0	0	1	0	0	0	0
"SEG43"	2008	1.65	0	1	0	1	1	1	1	0	0	0	0	0	1	0	0	0	1	1	0	0	0	0	0	0	0	0
"SEG44"	2008	1.56	1	1	1	1	1	1	1	0	0	0	0	1	0	1	0	0	1	1	1	0	0	0	0	0	0	0
"SEG45"	2008	0.92	1	1	0	1	1	1	1	0	0	0	0	1	1	1	0	0	1	1	0	0	0	1	0	0	0	0
"SEG46"	2008	1.18	0	1	0	1	1	1	1	0	0	0	0	0	0	0	0	0	1	1	0	0	0	0	0	0	0	0
"SEG47"	2008	1.21	1	1	0	1	1	1	1	0	0	0	0	1	1	0	0	0	1	1	0	0	0	0	0	0	0	0
"SEG48"	2008	1.36	0	1	0	1	1	1	1	0	0	0	0	0	0	0	0	0	1	1	0	0	0	1	0	0	0	0
"SEG49"	2008	1.61	1	1	0	1	1	0	1	0	0	0	0	1	0	0	0	0	1	1	0	0	0	0	0	0	0	0
"SEG50"	2008	0.81	0	1	0	1	1	1	1	0	1	0	0	1	0	0	0	0	1	1	0	0	1	1	0	1	0	0
"AEG01"	2009	1.78	1	0	0	1	1	1	1	0	0	0	1	0	1	1	0	1	1	1	1	0	1	0	1	0	0	0
"AEG02"	2009	3.37	1	1	0	1	1	1	0	1	0	0	1	0	0	0	0	0	1	1	0	0	0	0	0	0	0	0
"AEG03"	2009	1.96	1	1	0	1	1	1	1	0	0	1	1	0	1	0	0	1	0	1	0	1	1	0	1	0	0	0
"AEG04"	2009	1.56	1	1	1	1	0	1	1	0	0	1	1	0	1	1	0	0	1	0	1	1	0	0	0	0	0	0
"AEG05"	2009	1.66	1	1	1	1	0	1	1	1	0	0	1	0	0	0	0	1	0	0	1	1	1	0	0	0	0	0
"AEG06"	2009	1.91	1	1	1	1	1	1	1	1	0	1	1	0	1	0	0	1	1	1	1	1	1	0	0	0	0	0
"AEG07"	2009	0.58	0	0	0	0	1	0	0	0	0	0	0	0	0	0	1	0	0	1	0	0	0	0	0	0	1	0
"AEG08"	2009	1.46	0	1	0	1	1	1	0	0	1	1	1	0	1	0	1	0	0	1	0	0	1	0	1	0	0	0
"AEG09"	2009	0.51	0	1	0	0	1	0	0	0	1	0	0	0	1	0	1	0	0	1	0	0	0	0	1	0	1	0
"AEG10"	2009	1.02	0	1	0	1	1	0	0	1	1	1	1	0	1	0	1	1	0	1	0	1	1	0	1	0	0	0
"AEG11"	2009	2	1	1	1	1	1	1	1	0	1	1	0	0	1	0	0	1	0	0	1	1	0	0	1	0	0	0
"AEG12"	2009	2.17	1	1	1	1	1	1	0	0	0	0	1	0	1	0	0	1	0	1	1	1	1	0	1	0	0	0
"AEG13"	2009	2.17	1	1	1	1	1	1	1	1	0	0	1	0	1	0	0	1	0	1	1	1	1	0	0	0	0	0
"AEG14"	2009	2.17	1	1	1	1	0	1	0	0	0	1	1	0	0	0	0	1	1	1	1	1	1	0	0	0	0	0
"AEG15"	2009	2.58	1	1	1	1	1	1	1	0	1	0	1	0	1	0	0	1	0	1	1	0	1	0	0	0	0	0
"AEG16"	2009	1.57	1	1	1	1	1	1	1	1	0	0	1	0	1	0	0	1	0	0	1	1	1	0	0	0	0	0
"AEG17"	2009	2.07	1	1	0	1	1	1	1	1	0	1	1	0	1	0	0	1	0	1	1	1	1	0	1	0	0	0
"AEG18"	2009	2.17	1	1	1	1	1	1	1	1	0	0	1	0	0	0	0	1	1	1	0	1	1	0	1	0	0	0
"AEG19"	2009	2.2	1	1	1	1	0	1	1	1	1	1	1	0	0	1	0	1	0	0	1	1	1	0	0	0	0	0
"AEG20"	2009	1.19	1	1	0	1	1	1	1	1	1	1	1	0	1	1	0	1	0	0	0	0	1	0	0	0	0	0
"AEG21"	2009	3.8	1	1	1	1	1	1	1	0	0	0	0	0	1	1	0	1	0	1	1	1	0	0	0	0	0	0
"AEG22"	2009	1.16	0	1	0	1	1	1	0	1	1	1	0	0	1	0	1	1	0	1	0	0	1	0	1	0	0	0
"AEG23"	2009	1.02	1	1	1	1	1	1	1	0	1	1	1	0	0	0	0	1	1	1	1	1	1	0	0	0	0	0
"AEG24"	2009	2.41	1	1	1	1	1	1	0	0	0	0	1	0	1	0	0	1	1	1	1	1	0	0	0	0	0	0
"AEG25"	2009	0.86	0	1	0	1	1	1	0	0	0	0	0	0	1	0	1	0	0	1	0	0	0	0	1	0	0	0
"AEG26"	2009	1.48	0	0	0	0	1	0	0	0	0	0	0	0	1	0	1	0	0	1	0	0	0	0	0	0	1	0
"AEG27"	2009	0.96	0	1	0	0	1	1	0	0	0	0	0	0	1	0	1	0	0	1	0	0	0	0	0	0	1	0
"AEG28"	2009	0.66	0	1	0	0	1	1	1	0	1	1	1	0	1	0	1	0	1	1	0	0	0	0	1	0	1	0
"AEG29"	2009	1.58	1	1	0	1	1	1	1	1	1	1	1	0	1	0	1	1	0	1	1	0	1	0	1	0	0	0
"AEG30"	2009	1.69	1	1	0	1	0	1	0	0	0	1	1	0	1	0	0	0	0	0	1	0	1	0	1	0	0	0
"AEG31"	2009	1.33	1	1	1	1	1	1	0	1	1	1	1	0	1	0	0	1	0	1	1	0	1	1	1	0	0	0
"AEG32"	2009	0.55	0	1	0	1	1	1	0	0	1	1	1	0	0	0	0	1	0	1	0	0	1	0	1	1	0	0
"AEG33"	2009	0.9	0	1	0	1	1	1	1	0	1	1	1	0	1	0	0	1	0	1	0	0	0	0	0	0	0	0
"AEG34"	2009	0.97	0	1	0	1	1	1	1	0	1	1	1	0	1	0	0	1	1	1	0	0	1	0	0	0	0	0
"AEG35"	2009	1.74	1	1	1	1	0	1	1	0	0	1	1	0	1	0	0	1	1	1	1	0	1	1	1	0	0	0
"AEG36"	2009	1.73	1	1	1	1	1	1	1	1	1	1	1	0	0	0	0	1	1	1	1	0	1	1	1	0	0	0
"AEG37"	2009	2.17	1	1	1	1	1	1	1	0	0	0	1	0	1	0	0	1	1	0	1	1	0	0	0	0	0	0
"AEG38"	2009	1.44	0	1	1	1	1	1	1	0	1	0	1	0	1	0	0	1	1	1	0	1	1	1	1	0	0	0
"AEG39"	2009	2.17	1	1	1	1	1	1	1	0	0	1	1	0	1	0	0	1	0	0	1	1	1	0	0	0	0	0
"AEG40"	2009	2.1	1	1	0	1	1	1	1	0	0	1	1	0	1	0	0	1	0	1	1	1	1	0	0	0	0	0
"AEG41"	2009	2.23	1	1	1	1	1	1	0	0	0	0	1	0	1	0	0	1	0	1	1	1	1	0	0	0	0	0
"AEG42"	2009	1.86	1	1	1	1	1	1	0	0	0	1	1	0	1	0	0	1	0	1	1	1	1	0	0	0	0	0
"AEG43"	2009	2.03	1	1	1	1	1	1	1	0	0	0	1	0	1	0	0	1	0	1	1	1	1	0	0	0	0	0
"AEG44"	2009	2.03	1	1	1	1	1	1	0	1	1	1	1	0	1	0	0	1	1	1	1	1	1	0	0	0	0	0
"AEG45"	2009	1.44	1	1	0	1	1	1	1	0	0	1	1	0	1	1	0	1	1	0	1	1	0	0	0	0	0	0
"AEG46"	2009	1.84	1	1	1	1	1	1	1	1	1	1	1	0	1	1	0	1	0	0	1	0	1	0	0	0	0	0
"AEG47"	2009	0.63	0	1	0	0	1	1	0	0	0	0	0	0	1	0	1	0	0	1	0	0	0	0	1	0	1	0
"AEG48"	2009	0.65	0	0	0	0	0	1	0	0	0	0	0	0	1	0	1	0	0	1	0	0	0	0	0	0	1	0
"AEG49"	2009	1.06	0	1	0	1	1	1	1	0	1	1	1	0	1	0	0	1	0	1	0	0	0	0	1	0	0	0
"AEG50"	2009	2.19	1	1	1	1	1	1	0	0	0	0	1	0	1	0	0	1	0	1	1	1	1	0	0	0	0	0
"HEG01"	2009	3.11	1	1	1	1	0	0	1	0	0	1	0	1	0	0	0	0	1	1	0	0	0	0	0	0	0	0
"HEG02"	2009	2.79	1	0	0	1	1	1	1	0	0	0	0	0	0	0	0	0	0	0	0	0	0	0	0	0	0	0
"HEG03"	2009	2.79	1	1	1	0	1	1	1	0	1	1	0	1	0	1	0	0	1	1	0	0	0	0	0	0	0	0
"HEG04"	2009	2.22	1	1	1	0	1	1	1	0	0	1	0	1	0	1	0	1	1	0	0	0	1	0	0	0	0	0
"HEG05"	2009	2.51	0	0	0	0	0	0	0	0	0	0	0	0	0	0	0	0	0	0	0	0	0	0	0	0	0	0
"HEG06"	2009	2.12	0	1	0	1	1	1	1	0	0	1	0	0	1	0	0	0	1	1	0	1	0	1	0	0	0	0
"HEG07"	2009	1.47	1	1	1	1	1	1	1	0	0	1	0	1	1	0	0	0	1	0	1	0	0	0	0	0	0	0
"HEG08"	2009	1.17	1	1	1	1	1	1	1	0	0	1	1	1	1	1	0	0	1	1	0	0	0	0	0	0	0	0
"HEG09"	2009	0.77	0	1	0	1	1	1	0	1	1	1	1	1	0	0	0	0	0	1	1	0	1	1	1	0	1	0
"HEG10"	2009	1.02	1	1	1	1	0	1	0	1	1	1	1	0	1	1	0	0	1	0	1	0	1	0	0	0	0	0
"HEG11"	2009	1.02	1	1	0	1	0	1	1	1	1	1	0	1	1	0	0	0	1	1	0	0	1	0	0	0	0	0
"HEG12"	2009	3.47	1	1	1	1	1	1	1	1	0	1	0	0	0	1	0	0	1	0	0	0	0	0	0	0	0	0
"HEG13"	2009	1.65	0	1	0	1	1	1	1	0	0	1	0	1	0	1	0	0	0	1	0	0	1	0	0	0	0	0
"HEG14"	2009	1.68	1	1	1	1	1	1	1	1	0	1	1	1	1	0	0	0	1	1	1	0	1	0	0	0	0	0
"HEG15"	2009	1.72	1	1	1	1	1	1	1	1	0	1	1	0	1	0	0	0	1	1	1	1	0	0	0	0	0	0
"HEG16"	2009	1.28	1	1	1	1	1	1	1	0	0	1	0	1	1	1	0	1	1	1	1	0	0	0	1	0	0	0
"HEG17"	2009	0.72	1	1	1	1	1	1	1	1	1	1	1	0	1	0	0	1	1	1	0	0	0	1	0	0	0	0
"HEG18"	2009	0.72	0	1	0	1	1	1	0	1	0	1	1	0	1	0	1	1	0	1	0	0	1	0	1	0	1	0
"HEG19"	2009	0.72	1	1	1	0	1	1	0	1	1	1	1	1	1	1	0	1	0	0	0	0	0	1	0	0	0	0
"HEG20"	2009	0.74	0	1	0	1	1	1	0	1	1	1	0	0	0	1	0	1	0	1	0	0	1	1	0	0	0	0
"HEG21"	2009	0.82	1	1	0	1	0	1	0	1	0	1	1	1	0	0	0	0	1	1	1	0	1	0	0	0	0	0
"HEG22"	2009	1.17	1	1	1	1	1	1	0	0	0	1	0	1	1	1	0	0	0	0	1	0	0	0	0	0	0	0
"HEG23"	2009	1.24	1	1	0	1	1	1	1	0	0	1	0	0	1	1	0	0	0	1	0	0	1	0	0	0	0	0
"HEG24"	2009	1.22	1	0	1	1	1	1	1	0	0	1	0	0	1	1	0	0	0	1	1	1	1	1	0	0	0	0
"HEG25"	2009	1.23	1	1	0	1	1	1	0	1	1	1	1	0	0	0	0	1	0	0	0	0	1	0	1	0	0	0
"HEG26"	2009	1.02	1	1	1	1	0	1	0	1	0	1	1	1	0	0	0	0	1	0	1	0	1	0	0	0	0	0
"HEG27"	2009	1.66	1	1	1	1	0	1	1	1	1	1	0	1	1	0	1	0	1	1	0	0	1	0	1	0	0	0
"HEG28"	2009	2.25	1	1	1	1	1	1	1	0	1	1	0	1	1	0	0	0	1	1	0	0	1	0	0	0	0	0
"HEG29"	2009	2.25	1	1	0	1	1	1	1	1	1	1	0	1	0	0	0	0	0	1	0	0	1	0	0	0	0	0
"HEG30"	2009	2.48	1	1	0	1	1	1	0	0	1	1	0	1	1	0	0	0	1	1	0	0	1	0	0	0	0	0
"HEG31"	2009	1.6	1	1	0	1	0	1	1	0	1	1	1	1	0	1	0	0	0	1	1	1	1	0	0	0	0	0
"HEG32"	2009	2.07	1	1	1	1	1	1	0	0	0	0	0	0	1	0	0	0	1	0	1	0	0	0	0	0	0	0
"HEG33"	2009	2.23	1	1	1	1	1	1	1	1	1	0	1	1	1	0	0	0	0	1	0	0	1	0	0	0	0	0
"HEG34"	2009	2.12	1	1	0	1	1	1	0	0	0	1	0	0	1	1	0	0	0	0	0	0	0	1	0	0	0	0
"HEG35"	2009	2.1	0	1	1	1	1	1	1	0	0	1	0	0	0	0	0	0	1	1	1	0	0	0	0	0	0	0
"HEG36"	2009	2.01	0	1	1	1	1	1	1	1	1	0	0	0	0	0	0	0	1	1	0	0	1	0	0	0	0	0
"HEG37"	2009	2.09	0	1	1	1	1	1	0	1	0	1	0	0	0	0	0	0	1	0	1	0	0	0	0	0	0	0
"HEG38"	2009	2.27	1	1	0	1	1	1	1	1	0	1	0	1	0	0	0	0	1	1	1	0	1	0	0	0	0	0
"HEG39"	2009	0.46	1	0	1	1	1	1	1	0	0	1	0	1	1	1	0	1	0	1	0	1	1	0	0	0	0	0
"HEG40"	2009	2.23	1	1	1	1	1	1	1	1	0	1	0	1	1	0	0	1	1	1	1	0	0	0	0	0	0	0
"HEG41"	2009	0.74	0	1	0	1	1	1	0	1	0	1	0	0	0	0	1	0	0	1	0	0	1	0	0	0	1	0
"HEG42"	2009	0.72	0	1	0	1	1	1	0	1	1	1	0	1	0	0	0	1	0	1	0	0	1	1	0	0	0	0
"HEG43"	2009	0.81	0	1	0	1	0	1	0	1	1	1	1	1	1	0	1	0	1	1	0	1	1	0	1	0	1	0
"HEG44"	2009	0.64	0	1	0	1	1	1	0	1	1	1	1	1	1	0	0	0	1	1	0	0	1	0	1	0	0	0
"HEG45"	2009	0.9	1	1	0	1	1	1	1	1	1	1	1	1	1	1	1	0	1	1	1	1	1	0	1	0	0	0
"HEG46"	2009	0.85	0	0	0	1	1	1	0	1	0	1	1	1	0	0	0	0	1	1	0	0	1	0	0	0	1	0
"HEG47"	2009	1.5	1	1	1	1	1	1	1	1	0	1	0	1	1	0	0	0	1	0	1	1	0	0	0	0	0	0
"HEG48"	2009	1.02	1	1	1	1	1	1	0	1	1	1	0	1	1	0	0	0	1	1	0	0	0	0	0	0	0	0
"HEG49"	2009	1.02	1	1	1	1	1	1	1	1	0	0	0	0	1	1	0	0	1	1	1	1	1	0	0	0	0	0
"HEG50"	2009	1.28	1	1	0	1	0	1	1	1	0	1	0	1	1	0	1	0	1	1	1	0	1	1	0	0	0	0
"SEG01"	2009	2.29	1	1	0	1	1	1	0	0	1	0	0	0	1	1	0	0	0	0	0	0	0	1	0	1	0	0
"SEG02"	2009	2.33	1	1	0	1	0	1	1	0	0	1	0	1	0	1	0	0	0	0	0	1	0	0	0	0	0	1
"SEG03"	2009	2.25	1	1	1	0	1	1	0	0	0	1	0	1	0	1	0	1	0	0	0	1	0	0	0	1	0	0
"SEG04"	2009	1.02	1	0	1	0	0	0	0	1	0	0	0	1	0	0	0	0	0	0	1	0	0	0	0	0	0	1
"SEG05"	2009	1.02	1	1	0	1	0	0	0	1	0	0	0	1	0	0	0	0	0	0	1	1	0	1	0	1	0	0
"SEG06"	2009	1.56	1	1	0	0	1	1	0	0	0	0	0	0	0	1	0	0	0	1	0	0	0	0	0	1	0	1
"SEG07"	2009	1.64	0	0	0	0	0	0	0	0	0	0	0	0	0	0	0	0	0	0	0	0	0	0	0	0	0	0
"SEG08"	2009	1.44	1	1	0	0	1	1	1	1	0	1	0	1	0	1	0	0	1	0	0	1	0	1	0	0	0	0
"SEG09"	2009	2	1	1	0	0	1	1	1	0	0	0	0	1	0	1	0	0	0	1	0	0	0	0	0	1	0	1
"SEG10"	2009	2.25	1	1	0	0	0	1	0	0	1	0	0	1	0	1	0	0	0	0	0	1	0	0	0	1	0	1
"SEG11"	2009	2.25	1	1	1	1	0	1	0	1	0	1	0	1	0	1	0	0	0	0	0	1	0	1	0	1	0	1
"SEG12"	2009	2.29	1	0	0	1	1	1	1	0	0	1	0	0	0	1	0	0	0	0	0	0	0	1	0	0	0	0
"SEG13"	2009	1.44	1	1	1	1	1	1	0	1	1	0	1	1	0	0	0	1	0	0	0	1	0	1	0	0	0	0
"SEG14"	2009	1.35	1	0	1	1	0	1	0	1	0	1	0	1	0	1	0	0	1	0	0	0	0	0	0	1	0	0
"SEG15"	2009	1.02	1	1	1	1	0	1	0	1	0	1	0	1	0	1	0	0	0	0	1	1	0	1	0	1	0	1
"SEG16"	2009	1.02	1	0	1	1	0	1	0	1	0	0	0	1	0	0	0	0	0	0	1	1	0	0	0	0	0	0
"SEG17"	2009	1.11	1	1	0	1	1	1	1	0	0	0	0	0	0	1	0	0	0	1	0	0	0	1	0	1	0	1
"SEG18"	2009	1.44	0	1	0	0	0	1	0	1	1	0	0	0	0	0	0	0	0	0	0	0	0	1	0	0	0	0
"SEG19"	2009	1.25	1	1	0	1	0	1	0	1	0	0	0	1	0	1	0	0	0	0	1	0	0	0	0	1	0	0
"SEG20"	2009	1.21	1	1	0	0	1	1	1	0	0	0	0	1	0	1	0	0	1	1	0	0	0	0	0	0	0	0
"SEG21"	2009	1.39	0	1	0	0	1	1	1	0	0	0	0	0	0	1	0	0	1	1	0	0	0	0	0	0	0	0
"SEG22"	2009	1.5	1	1	1	0	1	1	0	0	0	1	0	0	0	1	0	1	1	0	0	1	0	1	0	1	0	0
"SEG23"	2009	1.88	0	1	1	0	0	1	0	0	0	0	0	1	0	0	0	0	0	0	0	0	1	1	0	0	0	1
"SEG24"	2009	1.02	1	1	0	1	0	1	0	0	1	0	0	0	0	1	0	0	0	0	1	0	1	1	0	1	0	0
"SEG25"	2009	1.44	1	1	0	0	1	1	0	0	0	0	0	0	0	1	0	0	0	1	0	0	1	1	0	0	0	0
"SEG26"	2009	1.88	1	1	0	0	0	1	0	1	0	1	0	1	0	1	0	0	0	0	0	1	0	1	0	1	0	0
"SEG27"	2009	1.02	1	1	0	0	1	0	0	0	1	0	0	0	0	1	0	0	0	0	0	0	0	1	0	0	0	0
"SEG28"	2009	1.02	1	1	0	0	0	1	0	0	0	1	0	1	0	1	0	0	0	0	1	1	0	1	0	0	0	0
"SEG29"	2009	1.02	1	1	0	1	0	1	0	0	1	0	0	0	0	1	0	0	0	0	1	1	1	1	0	1	0	1
"SEG30"	2009	1.44	1	1	0	1	0	1	1	1	1	0	0	1	0	1	0	0	1	0	0	0	0	0	0	0	0	0
"SEG31"	2009	1.44	0	1	0	1	0	1	1	1	1	0	0	1	0	0	0	0	0	1	0	0	1	0	0	0	0	0
"SEG32"	2009	1.44	1	1	0	1	0	1	0	1	1	0	0	1	0	0	0	0	1	1	0	0	0	0	0	0	0	0
"SEG33"	2009	1.83	1	0	0	1	1	1	0	0	0	0	0	1	0	0	0	1	1	1	1	0	0	1	0	0	0	0
"SEG34"	2009	1.47	1	1	0	1	1	1	1	0	0	0	0	1	0	0	0	0	1	1	1	0	0	0	0	0	0	0
"SEG35"	2009	1.42	1	1	0	1	1	1	1	0	0	0	0	1	0	0	0	0	1	1	0	0	0	0	0	0	0	0
"SEG36"	2009	1.87	0	1	1	1	1	1	1	0	0	0	0	1	1	1	0	0	1	1	0	0	0	0	0	0	0	0
"SEG37"	2009	1.57	0	1	0	1	1	1	1	1	1	0	0	0	1	1	0	0	0	1	0	0	0	1	0	0	0	0
"SEG38"	2009	1.51	0	1	0	1	1	1	1	0	0	0	0	1	0	0	0	0	1	1	0	0	0	0	0	0	0	0
"SEG39"	2009	1.21	0	1	0	1	1	1	1	0	0	0	0	1	1	0	0	0	1	1	0	0	0	0	0	0	0	0
"SEG40"	2009	2.45	0	1	1	1	1	1	1	0	0	0	0	1	0	0	0	0	1	1	0	0	0	0	0	0	0	0
"SEG41"	2009	1.02	1	1	0	1	1	1	1	0	0	0	0	1	1	0	0	0	0	1	0	0	0	0	0	0	0	0
"SEG42"	2009	2.45	1	1	0	1	1	1	1	0	0	0	0	1	1	0	0	0	1	1	0	0	0	1	0	0	0	0
"SEG43"	2009	3.82	1	1	1	1	1	1	1	0	0	0	0	1	1	0	0	0	0	1	0	0	0	0	0	0	0	0
"SEG44"	2009	1.62	1	1	1	1	1	1	1	0	0	0	0	1	0	1	0	0	1	1	0	0	0	0	0	0	0	0
"SEG45"	2009	1.29	1	1	0	1	1	1	1	0	0	0	0	1	0	1	0	0	1	1	0	0	0	1	0	0	0	0
"SEG46"	2009	1.61	0	1	0	1	1	1	1	0	0	0	0	1	0	0	0	0	1	1	0	0	0	0	0	0	0	0
"SEG47"	2009	1.23	1	1	0	1	1	1	1	0	0	0	0	1	1	0	0	0	1	1	0	0	0	0	0	0	0	0
"SEG48"	2009	2.1	0	1	0	1	1	1	1	0	1	0	0	1	0	0	0	0	1	1	0	0	0	1	0	0	0	0
"SEG49"	2009	1.78	1	1	0	1	1	1	1	0	0	0	0	1	1	0	0	1	1	1	0	0	0	0	0	0	0	0
"SEG50"	2009	1.02	1	1	0	1	1	1	1	1	1	0	0	1	0	0	0	0	1	1	0	0	0	1	0	1	0	0
"AEG01"	2010	2.14	1	1	1	1	1	1	1	1	0	0	1	0	1	0	0	1	1	1	1	1	1	0	1	0	0	0
"AEG02"	2010	3.11	1	1	0	1	1	1	1	1	0	0	1	0	0	0	0	0	1	1	0	0	0	0	0	0	0	0
"AEG03"	2010	1.94	0	1	0	1	1	1	1	0	0	0	1	0	1	0	0	1	0	1	0	1	1	0	1	0	0	0
"AEG04"	2010	1.52	1	1	1	1	1	1	1	0	0	1	1	0	1	1	0	0	1	0	1	1	0	0	0	0	0	0
"AEG05"	2010	1.5	1	0	1	1	0	1	1	1	0	0	1	0	0	1	0	1	0	0	1	1	1	0	0	0	0	0
"AEG06"	2010	1.71	1	1	1	1	1	1	1	1	0	0	1	0	1	0	0	1	1	1	1	1	1	0	0	0	0	0
"AEG07"	2010	0.57	0	1	0	0	1	0	0	0	0	0	0	0	1	0	1	0	0	1	0	0	0	0	0	0	1	0
"AEG08"	2010	1.37	0	1	0	1	1	1	0	0	0	1	1	0	1	0	1	0	0	1	0	0	1	0	1	0	1	0
"AEG09"	2010	0.8	0	1	0	0	1	0	0	0	0	0	0	0	1	0	1	0	0	1	0	0	0	0	1	0	1	0
"AEG10"	2010	0.99	0	1	0	1	1	1	0	1	1	1	1	0	0	0	1	1	0	1	1	1	1	0	1	0	0	0
"AEG11"	2010	2.41	1	1	1	1	1	1	1	0	1	1	1	0	1	0	0	1	0	1	1	1	1	1	1	0	0	0
"AEG12"	2010	2.76	1	0	1	1	1	1	1	1	0	0	1	0	1	0	0	1	1	1	1	1	1	0	1	0	0	0
"AEG13"	2010	2.76	1	1	1	1	1	1	1	1	0	0	1	0	1	0	0	1	1	1	1	1	1	0	0	0	0	0
"AEG14"	2010	2.12	1	1	1	1	1	1	1	1	0	0	1	0	1	0	0	1	1	1	1	1	1	0	0	0	0	0
"AEG15"	2010	2.6	0	1	1	1	1	1	1	0	1	0	1	0	1	0	0	1	0	1	1	1	1	0	0	0	0	0
"AEG16"	2010	1.61	1	0	1	1	1	1	0	1	0	0	1	0	1	0	0	1	0	0	1	1	1	0	0	0	0	0
"AEG17"	2010	2.06	1	1	0	1	1	1	1	1	0	1	1	0	1	0	0	1	0	1	1	1	1	0	1	0	0	0
"AEG18"	2010	2.08	1	1	1	1	1	1	1	1	0	0	1	0	1	0	0	1	1	1	1	1	1	0	0	0	0	0
"AEG19"	2010	1.57	1	1	1	1	1	1	1	1	0	1	1	0	1	1	0	1	0	0	1	1	1	0	0	0	0	0
"AEG20"	2010	1.62	1	1	0	1	1	1	0	1	1	1	1	0	1	1	0	1	0	0	0	0	1	0	0	0	0	0
"AEG21"	2010	3.23	1	1	1	1	1	1	1	0	0	0	0	1	1	1	0	1	0	0	1	1	0	0	0	0	0	0
"AEG22"	2010	2.06	0	0	0	1	0	1	0	1	1	0	1	0	1	0	1	1	0	1	0	0	1	0	1	0	0	0
"AEG23"	2010	0.99	1	1	1	1	1	1	1	0	1	1	1	0	1	0	0	1	1	0	0	1	1	0	0	0	0	0
"AEG24"	2010	2.12	1	1	1	1	1	1	0	0	0	0	0	0	1	0	0	1	1	1	0	1	0	0	0	0	0	0
"AEG25"	2010	1.34	0	1	0	1	1	1	0	0	0	0	0	0	1	0	1	1	0	1	0	0	0	1	1	0	0	0
"AEG26"	2010	1.62	0	0	0	0	0	0	0	0	0	0	0	0	1	0	1	0	0	1	0	0	0	0	1	0	1	0
"AEG27"	2010	1.07	0	0	0	0	1	1	0	0	0	0	0	0	1	0	1	0	0	1	0	0	0	0	0	0	1	0
"AEG28"	2010	0.74	0	1	0	1	1	1	1	0	1	1	1	0	1	0	1	1	0	0	0	0	0	0	1	0	1	0
"AEG29"	2010	1.42	1	1	0	1	1	1	0	0	1	1	1	0	1	0	1	1	0	1	1	0	1	1	1	0	0	0
"AEG30"	2010	2.36	0	0	0	1	1	1	0	0	1	1	0	0	1	0	0	1	0	1	0	1	1	0	1	0	0	0
"AEG31"	2010	1.83	0	1	0	1	1	1	0	1	1	1	1	0	1	0	0	1	0	1	1	0	1	0	1	0	0	0
"AEG32"	2010	0.67	0	1	0	1	1	1	0	0	1	1	1	0	0	1	0	1	0	1	0	0	1	1	1	0	0	0
"AEG33"	2010	1.18	1	1	0	1	1	1	1	0	1	1	1	0	1	0	0	1	0	1	0	0	0	0	0	0	0	0
"AEG34"	2010	0.91	1	1	0	1	1	1	1	0	1	1	1	0	1	0	0	1	1	1	0	0	1	0	0	0	0	0
"AEG35"	2010	1.79	1	1	1	1	1	1	1	1	1	1	1	0	1	0	0	1	1	1	1	0	1	1	0	0	0	0
"AEG36"	2010	2.19	1	1	1	1	1	1	1	1	1	1	1	0	1	0	0	1	1	1	1	0	1	1	1	0	0	0
"AEG37"	2010	1.71	1	1	1	1	1	1	1	0	0	0	1	0	1	0	0	1	1	0	1	1	0	0	0	0	0	0
"AEG38"	2010	1.4	0	1	1	0	1	1	1	0	1	1	0	0	1	0	0	1	0	1	0	0	1	0	1	0	0	0
"AEG39"	2010	1.71	1	0	1	1	1	1	1	0	0	0	1	0	0	0	0	0	1	1	1	1	1	0	0	0	0	0
"AEG40"	2010	2.06	1	1	0	1	1	1	1	0	0	0	1	0	1	0	0	1	0	1	1	1	1	0	0	0	0	0
"AEG41"	2010	2.34	1	1	1	1	1	1	0	0	0	1	1	0	1	0	0	1	1	1	1	1	1	0	0	0	0	0
"AEG42"	2010	2.1	0	0	1	0	1	1	0	0	1	1	1	0	1	1	0	1	0	1	1	1	1	0	0	0	0	0
"AEG43"	2010	1.58	1	1	1	1	1	1	1	0	0	0	1	0	1	1	0	1	0	1	1	1	1	0	0	0	0	0
"AEG44"	2010	1.95	0	1	1	1	1	1	1	1	1	0	1	0	1	0	0	1	1	1	1	1	1	0	0	0	0	0
"AEG45"	2010	1.4	1	1	0	1	1	1	1	0	0	1	1	0	1	0	0	1	1	0	1	1	1	0	0	0	0	0
"AEG46"	2010	1.48	1	1	1	1	1	1	1	0	1	1	1	0	1	1	0	1	0	0	1	0	1	0	0	0	0	0
"AEG47"	2010	0.72	0	1	0	0	1	0	0	0	0	0	0	0	1	0	1	0	0	1	0	0	0	0	0	0	1	0
"AEG48"	2010	0.67	0	0	0	0	1	1	0	0	0	0	0	0	1	0	1	0	0	1	0	0	0	0	0	0	1	0
"AEG49"	2010	0.94	0	1	0	1	1	1	1	0	1	1	1	0	0	0	0	1	0	1	0	0	1	0	1	0	0	0
"AEG50"	2010	2.7	1	1	1	0	1	1	0	0	1	0	1	0	1	0	0	1	0	1	0	1	1	0	0	0	0	0
"HEG01"	2010	2.49	1	1	0	1	1	0	1	0	0	1	0	1	0	0	0	0	0	1	0	0	0	0	0	0	0	0
"HEG02"	2010	2.67	1	0	0	0	1	1	1	0	0	0	0	0	0	0	0	0	0	0	0	0	0	0	0	0	0	0
"HEG03"	2010	2.67	0	1	0	0	1	1	1	0	0	1	0	1	0	0	0	0	1	0	0	0	0	0	0	0	0	0
"HEG04"	2010	2.15	1	1	1	0	1	1	1	0	0	1	0	1	0	1	0	1	0	0	0	0	0	0	0	0	0	0
"HEG05"	2010	2.57	0	1	0	1	1	1	0	0	1	1	0	1	0	0	0	0	0	1	0	1	0	0	0	0	0	0
"HEG06"	2010	2.34	1	1	0	1	1	1	1	1	0	1	0	0	1	0	0	0	1	1	0	1	0	1	0	0	0	0
"HEG07"	2010	0.52	0	1	1	1	1	1	1	0	1	1	0	1	1	0	0	0	1	1	1	0	0	0	0	0	0	0
"HEG08"	2010	0.52	1	1	1	1	1	1	1	0	0	1	1	1	1	1	0	0	1	1	1	0	0	0	0	0	0	0
"HEG09"	2010	0.67	0	1	0	1	1	1	0	1	1	1	1	0	1	0	0	1	0	1	0	0	1	1	1	0	1	0
"HEG10"	2010	2.55	1	1	1	1	0	1	0	1	1	1	1	0	1	1	0	0	1	0	1	0	1	0	0	0	0	0
"HEG11"	2010	2.49	1	1	0	1	0	1	1	1	1	1	1	1	1	0	0	0	1	1	0	0	1	0	0	0	0	0
"HEG12"	2010	3.12	1	1	1	1	1	1	1	0	1	0	0	0	0	1	0	0	1	0	0	0	0	0	0	0	0	0
"HEG13"	2010	1.5	0	1	0	1	1	1	1	0	0	1	0	1	1	1	0	0	0	1	0	0	1	0	0	0	0	0
"HEG14"	2010	2.32	1	1	1	1	1	1	0	1	0	1	1	1	1	0	0	0	1	1	1	0	1	0	0	0	0	0
"HEG15"	2010	1.84	0	1	1	1	1	1	1	0	1	0	1	0	1	0	0	1	1	1	1	1	0	0	0	0	0	0
"HEG16"	2010	1.11	1	1	0	1	1	1	1	0	0	1	0	1	1	1	0	1	1	1	1	0	0	0	0	0	0	0
"HEG17"	2010	0.69	0	1	1	1	1	1	1	1	1	1	0	1	1	0	0	1	1	1	0	0	0	1	1	0	0	0
"HEG18"	2010	0.73	0	1	0	1	1	1	0	1	0	0	0	0	1	0	1	0	0	1	0	0	1	0	1	0	1	0
"HEG19"	2010	0.69	0	1	1	1	1	1	0	1	1	1	0	1	1	1	0	1	1	0	0	0	0	1	1	0	0	0
"HEG20"	2010	0.62	0	1	0	1	1	1	0	1	1	1	0	1	0	1	0	1	0	1	0	0	1	1	0	0	0	0
"HEG21"	2010	0.55	1	1	0	1	1	1	0	1	1	1	1	1	0	0	0	0	1	1	0	0	1	0	0	0	0	0
"HEG22"	2010	1.45	0	1	1	1	1	1	1	0	0	1	0	1	1	1	0	0	0	0	1	0	0	0	0	0	0	0
"HEG23"	2010	1.2	1	1	0	1	1	1	1	0	1	1	0	0	1	1	0	0	1	1	0	0	1	1	0	0	0	0
"HEG24"	2010	1.34	1	1	1	1	1	1	1	0	0	1	0	0	1	1	0	0	0	1	0	1	1	0	0	0	0	0
"HEG25"	2010	1.58	1	1	0	1	1	1	0	1	1	1	1	0	1	0	0	1	0	1	1	0	1	0	1	0	0	0
"HEG26"	2010	1.4	0	1	1	1	0	1	0	1	0	1	0	1	0	0	0	0	1	0	1	0	1	0	0	0	0	0
"HEG27"	2010	1.63	1	1	1	1	0	1	0	1	1	1	0	0	1	0	1	0	1	1	0	0	1	0	1	0	0	0
"HEG28"	2010	1.8	0	1	1	1	1	1	1	0	1	1	0	1	1	0	0	0	1	1	0	0	1	0	0	0	0	0
"HEG29"	2010	1.8	1	1	1	1	1	1	1	0	1	1	0	1	1	0	0	0	0	0	0	0	1	0	0	0	0	0
"HEG30"	2010	2.21	0	1	0	0	1	1	1	0	1	1	0	1	1	0	0	0	0	1	0	0	0	0	0	0	0	0
"HEG31"	2010	2.27	0	1	0	1	0	1	1	1	1	0	1	1	0	1	0	0	0	1	1	1	1	0	0	0	0	0
"HEG32"	2010	1.96	1	1	1	1	1	1	0	0	0	0	0	0	1	0	0	0	1	0	0	0	0	0	0	0	0	0
"HEG33"	2010	2.08	1	1	1	1	1	1	1	0	1	0	1	1	1	0	0	0	0	1	0	0	1	0	0	0	0	0
"HEG34"	2010	2.34	1	1	0	1	1	1	1	0	0	1	0	0	1	1	0	0	1	1	0	0	0	0	0	0	0	0
"HEG35"	2010	2.34	0	1	1	1	1	1	1	0	0	1	0	1	0	1	0	0	1	1	1	0	0	0	0	0	0	0
"HEG36"	2010	2.06	0	1	1	1	1	1	1	0	1	1	0	1	1	0	0	0	1	1	0	0	0	0	0	0	0	0
"HEG37"	2010	2.13	0	1	1	1	1	1	1	0	0	0	0	1	0	0	0	0	1	1	1	0	0	0	0	0	0	0
"HEG38"	2010	1.54	1	1	0	1	1	1	1	1	0	1	0	0	1	0	0	0	1	1	1	0	1	1	0	0	0	0
"HEG39"	2010	1.11	1	0	1	1	1	1	1	0	0	1	0	1	0	1	0	1	0	1	1	1	1	0	0	0	0	0
"HEG40"	2010	1.85	1	1	0	1	1	1	1	0	0	1	0	1	1	1	0	0	1	1	1	0	0	0	0	0	0	0
"HEG41"	2010	0.62	0	1	0	1	1	1	0	1	1	1	0	0	1	0	0	0	0	1	0	0	1	0	1	0	1	0
"HEG42"	2010	0.69	0	1	0	1	1	1	1	1	1	0	1	1	1	1	0	1	0	1	0	0	1	1	1	0	0	0
"HEG43"	2010	1.32	0	1	0	1	1	1	0	1	1	1	1	1	1	0	0	0	1	1	1	0	1	0	1	0	1	0
"HEG44"	2010	0.68	0	1	0	1	1	1	0	1	1	0	1	0	1	0	0	0	0	1	0	0	1	0	1	0	0	0
"HEG45"	2010	0.76	1	1	0	1	1	1	1	0	1	1	1	1	1	0	1	0	1	1	0	0	1	0	1	0	0	0
"HEG46"	2010	0.78	0	1	0	1	0	1	0	0	0	1	1	0	1	0	0	0	0	1	0	0	1	0	0	0	1	0
"HEG47"	2010	1.73	0	1	1	1	1	1	1	1	0	1	0	0	1	0	0	0	1	0	1	1	0	0	0	0	0	0
"HEG48"	2010	1.61	1	1	1	1	1	1	0	1	0	1	0	1	1	0	0	1	1	1	0	0	0	0	0	0	0	0
"HEG49"	2010	1.44	0	1	1	1	1	1	1	1	1	0	0	1	1	0	0	0	1	1	1	1	1	0	0	0	0	0
"HEG50"	2010	1.08	0	1	1	1	0	1	1	1	0	1	0	1	1	0	1	0	0	1	1	0	1	0	0	0	0	0
"SEG01"	2010	2.08	1	1	0	1	1	1	0	0	1	1	0	0	0	1	0	0	0	0	0	1	0	1	0	1	0	0
"SEG02"	2010	1.75	1	0	0	1	0	1	1	0	0	1	0	1	0	1	0	0	0	0	0	1	0	0	0	0	0	0
"SEG03"	2010	1.83	1	0	1	1	1	1	0	0	0	0	0	1	0	1	0	0	0	0	0	1	0	0	0	1	0	0
"SEG04"	2010	0.99	1	1	1	0	0	1	0	1	0	0	0	1	0	0	0	0	0	0	1	0	0	0	0	0	0	1
"SEG05"	2010	1.4	1	1	0	0	0	0	0	1	0	0	0	1	0	0	0	0	0	0	1	1	0	0	0	0	0	0
"SEG06"	2010	1.76	1	1	1	0	1	1	0	0	0	0	0	1	0	1	0	0	0	1	0	0	0	0	0	1	0	1
"SEG07"	2010	1.88	1	1	0	1	0	1	1	0	0	0	0	1	0	1	0	0	1	0	0	0	0	0	0	0	0	0
"SEG08"	2010	0.99	1	1	0	0	0	1	0	0	0	0	0	1	0	1	0	0	0	0	0	1	0	0	0	1	0	0
"SEG09"	2010	1.11	1	1	0	1	1	1	0	0	0	0	0	1	0	1	0	1	0	1	0	0	0	1	0	1	0	1
"SEG10"	2010	1.83	1	1	0	0	0	1	0	0	0	0	0	1	0	1	0	0	0	0	0	0	0	0	0	0	0	1
"SEG11"	2010	1.83	1	1	1	1	1	1	0	1	0	1	0	1	0	1	0	0	0	0	0	1	0	1	0	1	0	0
"SEG12"	2010	2.08	1	1	0	1	1	1	0	0	0	1	0	0	0	1	0	0	0	0	0	0	0	1	0	1	0	0
"SEG13"	2010	1.4	1	1	1	1	1	1	0	1	1	0	1	1	0	0	0	1	0	1	0	1	0	1	1	0	0	0
"SEG14"	2010	0.97	1	0	1	1	0	1	0	1	0	1	0	1	0	1	0	0	0	0	0	1	0	1	0	1	0	0
"SEG15"	2010	1.4	1	1	1	1	0	1	0	1	0	1	0	1	0	1	0	0	0	0	0	1	0	1	0	1	0	1
"SEG16"	2010	0.99	1	0	1	1	0	1	0	1	0	0	0	1	0	1	0	0	0	0	1	1	0	0	0	0	0	1
"SEG17"	2010	1.35	1	1	0	1	1	1	1	0	0	0	0	0	0	1	0	1	0	0	0	0	0	1	0	1	0	1
"SEG18"	2010	1.4	0	1	0	1	0	1	0	1	0	0	0	0	0	0	0	0	1	0	0	0	0	1	0	0	0	0
"SEG19"	2010	1.23	1	1	0	1	0	1	0	0	0	0	0	1	0	1	0	0	0	0	1	0	0	0	0	1	0	0
"SEG20"	2010	1.49	1	1	0	0	1	1	1	0	0	0	0	1	0	1	0	0	1	1	0	0	0	0	0	0	0	0
"SEG21"	2010	1.43	0	1	0	0	1	1	1	0	0	0	0	1	0	0	0	0	1	1	0	0	0	0	0	0	0	0
"SEG22"	2010	2.71	1	1	1	0	1	1	0	0	0	1	0	1	1	1	0	1	1	0	0	1	0	1	0	1	0	0
"SEG23"	2010	1.69	0	1	1	0	0	1	0	0	0	0	0	1	0	0	0	0	0	0	0	0	1	1	0	0	0	1
"SEG24"	2010	0.99	1	1	0	1	0	1	0	0	1	1	0	0	0	1	0	0	0	0	0	1	0	1	0	1	0	0
"SEG25"	2010	1.4	1	1	0	1	1	1	0	0	0	0	0	1	0	1	0	0	1	1	0	0	1	1	0	0	0	0
"SEG26"	2010	1.69	1	1	0	0	0	1	0	1	0	0	0	1	0	1	0	0	0	0	0	1	0	0	0	1	0	0
"SEG27"	2010	0.99	1	1	0	0	1	0	0	0	1	0	0	0	0	1	0	0	0	0	0	0	0	1	0	0	0	0
"SEG28"	2010	0.99	1	1	0	0	0	1	0	1	0	1	0	1	0	1	0	0	0	0	1	1	0	1	0	0	0	1
"SEG29"	2010	0.99	1	1	1	1	0	1	0	1	1	0	0	0	0	1	0	0	0	0	0	1	0	1	0	1	0	0
"SEG30"	2010	1.4	1	1	0	1	0	1	1	1	1	0	0	1	0	1	0	0	1	0	0	0	0	0	0	0	0	0
"SEG31"	2010	1.4	0	1	0	1	1	1	0	1	1	0	0	1	1	0	0	0	0	1	0	0	1	0	0	0	0	0
"SEG32"	2010	1.4	0	1	0	1	0	1	0	1	1	0	0	1	0	0	0	0	1	1	0	0	1	0	0	0	0	0
"SEG33"	2010	1.56	1	1	0	1	1	1	0	0	0	0	0	1	0	0	0	1	1	1	1	0	0	1	0	0	0	0
"SEG34"	2010	1.88	1	1	0	1	1	1	1	0	0	0	0	1	1	0	0	0	1	1	1	0	0	0	0	0	0	0
"SEG35"	2010	1.91	1	1	0	1	1	1	1	0	0	1	0	1	0	0	0	0	1	1	1	0	1	0	0	0	0	0
"SEG36"	2010	1.61	0	1	0	1	1	1	1	0	0	0	0	1	1	1	0	0	1	1	0	0	0	0	0	0	0	0
"SEG37"	2010	1.47	1	1	0	1	1	1	1	1	1	0	0	0	1	0	0	0	0	1	0	0	0	1	0	0	0	0
"SEG38"	2010	1.71	0	1	0	1	1	1	1	0	0	0	0	1	0	0	0	0	1	1	0	0	0	0	0	0	0	0
"SEG39"	2010	1.51	1	1	0	1	1	1	1	0	0	0	0	1	1	0	0	0	0	1	0	0	0	0	0	0	0	0
"SEG40"	2010	2.05	0	1	0	1	1	1	1	0	0	1	0	1	1	1	0	0	1	1	0	0	0	0	0	0	0	0
"SEG41"	2010	1.65	1	1	0	1	1	1	1	0	0	0	0	0	1	0	0	0	0	1	0	0	0	0	0	0	0	0
"SEG42"	2010	2.46	1	1	0	1	1	1	1	0	0	0	0	1	1	0	0	0	1	1	0	0	0	1	0	0	0	0
"SEG43"	2010	2.02	1	1	0	1	1	1	1	0	0	0	0	1	1	0	0	0	1	1	0	0	0	0	0	0	0	0
"SEG44"	2010	0.9	1	1	1	1	1	1	1	0	0	0	0	1	0	1	0	0	0	1	1	0	0	0	0	0	0	0
"SEG45"	2010	1.31	1	1	0	1	1	1	1	0	0	0	0	1	1	1	0	0	1	1	0	0	0	1	0	0	0	0
"SEG46"	2010	2.09	1	1	0	1	1	1	1	0	0	0	0	1	0	0	0	0	1	1	0	0	0	0	0	0	0	0
"SEG47"	2010	2.34	1	1	0	1	1	1	1	1	0	0	0	1	1	0	0	0	1	1	0	0	0	0	0	0	0	0
"SEG48"	2010	1.86	0	1	0	1	1	1	1	0	1	0	0	0	0	0	0	0	1	1	0	0	0	0	0	0	0	0
"SEG49"	2010	1.78	1	1	0	1	1	1	1	0	0	0	0	1	1	0	0	1	1	1	0	0	0	0	0	0	0	0
"SEG50"	2010	1.19	1	1	0	1	1	1	1	1	1	0	0	1	0	0	0	0	0	1	0	0	0	1	0	1	0	0
"AEG01"	2011	1.78	1	0	1	1	1	1	1	0	0	0	1	0	1	0	0	0	1	1	1	1	1	0	1	0	0	0
"AEG02"	2011	3.11	1	1	0	1	1	1	0	0	0	0	1	0	1	0	0	0	1	1	0	0	0	0	0	0	0	0
"AEG03"	2011	1.67	0	1	0	1	1	1	1	0	0	1	1	0	1	0	0	1	0	1	0	1	1	0	1	0	0	0
"AEG04"	2011	2.19	1	0	1	1	1	1	1	0	0	0	1	0	1	1	0	1	1	0	1	1	1	0	0	0	0	0
"AEG05"	2011	2.25	1	1	1	1	0	1	1	1	1	0	1	0	0	0	0	1	0	0	1	1	1	0	0	0	0	0
"AEG06"	2011	1.78	1	1	1	1	1	1	1	1	0	0	1	0	1	0	0	1	1	1	1	1	1	1	0	0	0	0
"AEG07"	2011	0.44	0	0	0	0	1	0	0	0	0	0	0	0	1	0	1	0	0	1	0	0	0	0	0	0	1	0
"AEG08"	2011	1.2	0	1	0	1	1	1	0	1	1	1	1	0	1	0	1	0	0	1	0	0	0	0	1	0	0	0
"AEG09"	2011	0.73	0	1	0	0	0	0	0	0	0	0	0	0	1	0	1	0	0	1	0	0	0	0	0	0	1	0
"AEG10"	2011	0.97	0	1	0	1	0	0	0	1	1	0	1	0	1	0	1	1	0	1	0	1	1	0	1	0	0	0
"AEG11"	2011	2.39	0	0	1	1	0	1	0	0	0	0	0	0	0	0	0	1	0	0	1	1	0	0	0	0	0	0
"AEG12"	2011	2.28	1	1	1	1	1	0	1	1	0	0	1	0	1	0	0	1	1	1	1	1	1	0	1	0	0	0
"AEG13"	2011	2.28	1	1	1	1	1	1	1	0	0	0	1	0	0	0	0	1	0	1	1	1	1	0	0	0	0	0
"AEG14"	2011	2.23	1	1	1	1	1	1	0	0	0	0	1	0	1	0	0	1	0	1	1	1	1	0	0	0	0	0
"AEG15"	2011	2.33	1	1	1	1	1	1	1	0	1	0	1	0	0	0	0	1	0	0	1	1	1	0	0	0	0	0
"AEG16"	2011	1.54	1	1	1	1	1	1	1	1	0	0	1	0	1	0	0	1	1	1	1	1	1	0	0	0	0	0
"AEG17"	2011	1.67	1	0	0	1	1	1	1	0	0	0	1	0	1	0	0	1	0	1	1	1	1	0	1	0	0	0
"AEG18"	2011	2.23	1	0	1	1	1	1	0	1	0	0	1	0	1	0	0	1	1	1	1	1	1	0	0	0	0	0
"AEG19"	2011	1.77	1	0	1	1	1	1	0	1	0	0	1	0	1	1	0	1	0	0	1	1	1	0	0	0	0	0
"AEG20"	2011	1.04	1	1	0	1	1	1	0	1	1	1	1	0	1	1	0	1	0	0	0	0	1	0	0	0	0	0
"AEG21"	2011	2.97	1	1	1	1	1	1	1	0	0	0	1	0	1	1	0	1	0	1	1	1	0	0	0	0	0	0
"AEG22"	2011	1.08	0	1	0	1	0	1	0	0	0	0	1	0	1	0	1	1	0	1	0	0	1	0	1	0	0	0
"AEG23"	2011	1.67	1	1	1	1	1	0	1	0	1	1	1	0	1	0	0	1	0	0	1	1	0	0	0	0	0	0
"AEG24"	2011	2.24	1	1	1	1	1	1	1	0	0	0	1	0	1	0	0	1	1	1	1	1	1	0	0	0	0	0
"AEG25"	2011	0.57	0	1	0	1	1	1	0	0	1	0	0	0	1	0	1	0	0	1	0	0	0	1	0	0	0	0
"AEG26"	2011	1.49	0	0	0	0	0	0	0	0	0	0	0	0	1	0	1	0	0	1	0	0	0	0	1	0	1	0
"AEG27"	2011	0.93	0	0	0	0	0	0	0	0	1	0	0	0	0	0	1	0	0	1	0	0	0	0	0	0	1	0
"AEG28"	2011	0.86	1	1	0	1	0	1	1	0	1	1	1	0	1	0	1	0	0	1	0	0	0	0	1	0	1	0
"AEG29"	2011	1.61	0	1	0	1	1	1	0	1	1	1	1	0	1	0	1	1	0	0	1	0	1	0	1	0	0	0
"AEG30"	2011	1.56	0	1	1	1	1	1	0	0	1	1	1	0	1	0	0	1	0	1	0	1	1	0	1	0	0	0
"AEG31"	2011	1.39	0	1	0	0	1	1	0	1	1	0	1	0	1	0	0	1	0	1	1	1	1	1	1	0	0	0
"AEG32"	2011	0.67	1	1	0	1	1	1	0	0	1	1	1	0	0	1	0	1	0	1	0	0	1	1	1	0	0	0
"AEG33"	2011	1.08	1	1	0	1	1	1	1	0	1	1	1	0	1	0	0	1	0	1	0	0	0	0	0	0	0	0
"AEG34"	2011	1.55	1	1	0	1	1	1	1	0	1	1	1	0	1	0	0	1	1	1	0	0	1	0	0	0	0	0
"AEG35"	2011	1.65	1	0	1	1	1	1	1	1	1	1	1	0	1	0	0	1	1	1	0	0	1	1	0	0	0	0
"AEG36"	2011	1.65	1	0	1	1	1	1	0	0	0	0	1	0	0	0	0	1	0	1	1	0	1	1	0	0	0	0
"AEG37"	2011	2.02	1	1	1	1	1	1	1	0	0	0	1	0	1	1	0	0	1	0	1	1	1	0	0	0	0	0
"AEG38"	2011	1.72	0	1	1	0	1	1	1	0	0	0	1	0	1	0	0	1	1	1	0	0	1	1	1	0	0	0
"AEG39"	2011	2.48	1	0	1	1	1	1	1	0	0	0	0	0	1	0	0	1	0	0	1	1	1	0	0	0	0	0
"AEG40"	2011	2.22	1	1	0	1	1	1	1	0	0	0	1	0	1	0	0	1	0	1	1	1	1	0	0	0	0	0
"AEG41"	2011	2.76	1	1	1	1	1	1	0	0	0	0	1	0	1	0	0	1	1	1	1	1	1	0	0	0	0	0
"AEG42"	2011	2.07	1	1	1	1	1	1	1	0	0	0	1	0	1	1	0	1	0	1	1	1	1	0	0	0	0	0
"AEG43"	2011	1.18	1	1	1	1	1	1	1	0	0	0	1	0	1	0	0	1	0	1	1	1	1	0	0	0	0	0
"AEG44"	2011	1.16	1	1	1	1	1	1	0	1	1	0	1	0	1	0	0	1	1	1	1	1	1	0	1	0	0	0
"AEG45"	2011	1.67	1	0	0	1	1	1	1	0	0	0	1	0	0	0	0	0	1	0	1	1	0	0	0	0	0	0
"AEG46"	2011	1.4	1	1	1	1	1	1	1	0	1	1	1	0	1	1	0	1	0	0	1	0	0	0	0	0	0	0
"AEG47"	2011	0.72	0	0	0	0	1	0	0	0	0	0	0	0	1	0	1	0	0	1	0	0	0	0	0	0	1	0
"AEG48"	2011	0.64	0	0	0	0	0	1	0	0	1	0	0	0	1	0	1	0	0	1	0	0	0	0	0	0	1	0
"AEG49"	2011	1.08	1	1	0	1	1	0	1	0	1	1	1	0	0	0	0	1	0	1	0	0	0	0	1	0	0	0
"AEG50"	2011	1.98	1	1	1	1	1	1	0	0	1	0	1	0	1	0	0	1	0	1	0	1	1	0	0	0	0	0
"HEG01"	2011	2.85	0	1	1	1	1	1	1	0	0	1	0	1	0	0	0	0	0	0	0	0	0	0	0	0	0	0
"HEG02"	2011	2.63	1	0	0	0	1	1	1	0	0	0	0	0	0	0	0	0	0	0	0	0	0	0	0	0	0	0
"HEG03"	2011	2.63	0	1	1	0	1	1	1	0	0	1	0	1	0	1	0	0	0	0	0	0	0	0	0	0	0	0
"HEG04"	2011	2.51	0	1	1	0	1	1	1	0	0	0	0	1	0	0	0	0	0	0	0	0	0	0	0	0	0	0
"HEG05"	2011	2.88	0	1	0	1	0	1	0	0	1	1	0	1	0	1	0	0	0	1	0	1	0	0	0	0	0	0
"HEG06"	2011	1.43	0	1	0	1	0	1	1	1	0	1	0	0	1	0	0	0	0	1	0	0	1	1	0	0	0	0
"HEG07"	2011	2.48	0	1	0	1	0	1	1	0	1	1	0	1	1	0	0	0	1	1	1	0	0	0	0	0	0	0
"HEG08"	2011	1.32	1	1	1	1	1	1	1	0	1	1	0	1	1	0	0	0	1	1	1	0	0	0	0	0	0	0
"HEG09"	2011	0.71	1	1	0	1	1	1	0	1	0	1	0	0	0	1	0	1	0	1	1	0	1	1	1	0	1	0
"HEG10"	2011	1.36	1	1	1	1	0	1	0	1	1	1	0	0	1	0	0	0	1	1	0	0	1	0	0	0	0	0
"HEG11"	2011	1.16	0	1	0	1	0	1	1	1	1	1	1	1	1	0	0	0	1	1	0	0	1	0	0	0	0	0
"HEG12"	2011	2.64	1	1	0	1	1	1	1	0	0	0	0	0	0	1	0	0	1	0	0	0	0	0	0	0	0	0
"HEG13"	2011	1.77	1	1	0	1	1	1	1	0	0	1	0	1	1	1	0	0	0	1	0	0	1	0	0	0	0	0
"HEG14"	2011	2.17	1	1	1	1	1	1	0	1	1	1	1	0	1	0	0	0	1	1	1	0	1	0	0	0	0	0
"HEG15"	2011	2.89	0	1	1	1	1	1	1	0	0	1	1	1	1	0	0	0	1	1	1	1	0	0	0	0	0	0
"HEG16"	2011	1.26	0	1	1	1	1	1	1	0	0	0	0	1	1	1	0	1	1	1	1	0	0	0	0	0	0	0
"HEG17"	2011	0.61	0	1	1	1	1	1	0	1	1	1	1	0	1	0	0	1	0	1	0	0	0	1	1	0	0	0
"HEG18"	2011	0.63	0	1	0	1	0	1	0	1	0	1	0	0	1	0	1	0	0	1	0	0	1	0	0	0	1	0
"HEG19"	2011	0.61	0	1	1	1	0	0	0	1	1	1	0	1	1	0	0	1	0	0	0	0	0	1	0	0	0	0
"HEG20"	2011	1.27	1	1	0	1	1	0	0	1	1	1	1	1	1	0	0	1	0	1	0	0	1	1	0	0	0	0
"HEG21"	2011	0.73	0	1	0	1	0	1	0	1	0	1	1	1	1	1	0	0	1	1	1	0	1	0	0	0	0	0
"HEG22"	2011	1.45	0	1	1	1	1	1	1	0	0	1	0	0	1	1	0	0	1	1	1	1	0	0	0	0	0	0
"HEG23"	2011	1.85	0	1	0	1	1	1	1	0	1	1	1	0	1	1	0	0	1	1	0	0	1	0	0	0	0	0
"HEG24"	2011	2.01	0	1	1	1	1	1	1	1	0	1	0	1	1	1	0	0	0	1	1	1	1	0	0	0	0	0
"HEG25"	2011	1.22	0	1	0	1	0	0	0	1	1	1	1	1	1	0	0	0	0	1	1	0	1	1	1	0	0	0
"HEG26"	2011	1.91	0	1	1	1	0	1	1	1	0	1	0	0	0	0	0	0	0	1	1	0	1	0	0	0	0	0
"HEG27"	2011	1.97	1	1	1	1	0	1	0	1	1	1	0	0	1	0	1	0	1	1	0	0	1	0	1	0	0	0
"HEG28"	2011	2.05	0	1	1	1	1	1	1	0	0	1	0	1	1	0	0	0	1	0	0	0	1	0	0	0	0	0
"HEG29"	2011	2.05	0	1	0	1	1	1	1	0	1	1	0	1	1	0	0	0	1	0	0	0	1	0	0	0	0	0
"HEG30"	2011	2.25	0	1	0	1	0	1	1	0	1	1	0	1	1	0	0	0	0	1	0	0	1	0	0	0	0	0
"HEG31"	2011	2.09	0	1	0	1	0	1	1	1	1	1	1	1	0	1	0	0	0	1	1	1	1	0	0	0	0	0
"HEG32"	2011	1.89	1	1	1	1	0	1	0	0	0	0	0	0	0	0	0	0	1	0	0	0	0	0	0	0	0	0
"HEG33"	2011	2.28	1	1	1	1	1	1	1	0	1	0	1	1	1	0	0	0	0	0	1	0	1	0	0	0	0	0
"HEG34"	2011	1.43	0	1	0	1	0	1	1	0	0	1	0	0	0	1	0	0	0	1	0	0	0	0	0	0	0	0
"HEG35"	2011	1.35	0	1	1	1	1	1	1	0	0	1	0	1	0	0	0	0	1	1	1	0	0	0	0	0	0	0
"HEG36"	2011	2.73	0	1	1	1	1	1	1	0	1	0	0	0	1	0	0	0	1	1	0	0	0	0	0	0	0	0
"HEG37"	2011	2.45	0	1	1	0	1	1	1	0	0	0	0	1	1	0	0	0	1	1	0	0	0	0	0	0	0	0
"HEG38"	2011	1.61	1	1	0	1	1	1	1	1	0	1	0	0	0	0	0	1	1	1	1	0	1	0	0	0	0	0
"HEG39"	2011	1.31	1	0	1	1	0	1	1	0	0	1	0	1	0	1	0	0	0	0	0	1	1	0	0	0	0	0
"HEG40"	2011	1.46	1	1	1	1	1	1	1	0	0	1	0	0	1	1	0	1	1	1	1	0	0	0	0	0	0	0
"HEG41"	2011	1.27	0	1	0	1	1	1	0	1	1	1	1	0	1	0	1	0	1	1	0	0	1	1	1	0	1	0
"HEG42"	2011	0.61	0	1	0	1	1	1	0	1	0	1	0	1	1	1	0	1	0	1	0	0	1	1	1	0	0	0
"HEG43"	2011	0.74	0	1	0	1	0	1	0	1	1	1	1	0	1	0	1	0	0	1	1	0	1	0	1	0	1	0
"HEG44"	2011	0.78	0	1	0	1	1	1	0	1	1	0	0	0	0	0	0	0	1	1	0	0	1	0	1	0	0	0
"HEG45"	2011	0.67	0	1	0	1	1	1	1	1	1	1	1	0	1	0	1	0	1	1	1	1	1	0	1	0	0	0
"HEG46"	2011	1.05	0	1	0	1	0	1	0	1	0	1	1	1	0	0	0	0	1	1	1	0	1	0	0	0	1	0
"HEG47"	2011	1.54	0	1	1	1	1	1	1	1	0	0	0	0	1	0	0	0	1	1	1	1	0	0	0	0	0	0
"HEG48"	2011	1.1	0	1	1	1	1	1	1	1	0	1	0	1	1	0	0	1	1	1	0	0	0	0	0	0	0	0
"HEG49"	2011	2.14	0	1	1	1	1	1	1	1	1	1	0	1	1	1	0	0	1	1	1	1	1	0	0	0	0	0
"HEG50"	2011	1.09	0	1	0	1	0	1	0	1	0	1	1	1	1	0	1	0	1	1	1	0	1	0	0	0	0	0
"SEG01"	2011	2.04	1	1	0	1	1	1	1	0	1	1	0	0	0	1	0	0	0	0	0	0	0	1	0	1	0	0
"SEG02"	2011	1.86	0	1	0	1	0	1	1	0	0	1	0	1	0	1	0	0	0	0	0	1	0	0	0	0	0	0
"SEG03"	2011	2.54	1	1	1	0	1	1	0	0	0	0	0	1	0	1	0	0	0	0	0	1	0	0	0	1	0	0
"SEG04"	2011	1.17	1	0	1	1	0	1	0	1	0	0	0	1	0	0	0	0	0	0	1	1	0	0	0	0	0	1
"SEG05"	2011	0.97	1	1	0	1	0	0	0	1	0	0	0	1	0	1	0	0	0	0	1	1	0	1	0	1	0	0
"SEG06"	2011	1.59	1	1	0	0	1	1	0	0	0	0	0	0	0	1	0	0	0	0	0	0	0	0	0	1	0	1
"SEG07"	2011	2.06	1	1	1	1	0	1	1	0	0	0	0	1	0	1	0	0	1	0	0	0	0	0	0	0	0	0
"SEG08"	2011	1.08	1	1	0	1	0	1	0	1	0	1	0	1	0	1	0	0	0	0	0	1	0	0	0	1	0	0
"SEG09"	2011	1.87	1	1	0	0	1	1	0	0	0	1	0	1	0	1	0	0	0	0	0	0	0	1	0	1	0	1
"SEG10"	2011	2.04	1	1	0	0	0	1	0	0	1	0	0	1	0	1	0	0	0	0	0	0	0	0	0	1	0	1
"SEG11"	2011	2.04	1	1	1	1	1	1	0	1	0	0	0	1	0	1	0	0	0	0	0	1	0	1	0	1	0	0
"SEG12"	2011	2.04	1	1	0	1	1	1	0	0	0	1	0	1	0	1	0	0	0	0	0	0	0	1	0	1	0	0
"SEG13"	2011	1.66	1	1	1	1	1	1	0	1	1	0	1	1	1	0	0	1	0	1	0	1	0	1	1	0	0	0
"SEG14"	2011	0.95	1	0	1	1	0	1	0	1	0	1	0	1	0	1	0	0	0	0	0	1	0	0	0	1	0	0
"SEG15"	2011	1.37	1	1	1	1	0	1	0	1	0	1	0	1	0	1	0	0	0	0	0	1	0	1	0	1	0	1
"SEG16"	2011	1.66	0	0	1	1	0	1	0	1	0	0	0	1	0	1	0	0	0	0	1	1	0	0	0	0	0	1
"SEG17"	2011	1.26	1	1	0	0	1	1	0	0	0	0	0	0	0	1	0	1	0	1	0	0	0	1	0	1	0	1
"SEG18"	2011	1.37	0	1	0	1	0	1	0	1	1	0	0	1	0	0	0	0	1	0	1	0	0	1	0	0	0	0
"SEG19"	2011	1.32	1	1	0	1	0	1	0	0	0	1	0	1	0	1	0	0	0	0	1	0	0	0	0	1	0	0
"SEG20"	2011	1.73	1	1	0	0	1	1	1	0	0	0	0	1	0	1	0	0	1	1	0	0	0	0	0	0	0	0
"SEG21"	2011	1.33	0	1	0	0	1	1	1	0	0	0	0	1	0	1	0	0	1	1	0	0	0	0	0	0	0	0
"SEG22"	2011	1.86	1	1	1	0	1	1	0	0	0	1	0	1	1	1	0	1	1	0	0	1	0	1	0	1	0	0
"SEG23"	2011	1.72	0	1	1	0	0	0	0	0	0	0	0	1	0	0	0	0	0	0	0	0	1	1	0	0	0	1
"SEG24"	2011	0.97	1	1	0	1	0	0	0	0	1	1	0	0	0	1	0	0	0	0	0	1	0	1	0	0	0	0
"SEG25"	2011	1.37	1	1	1	1	1	1	0	0	0	0	0	1	0	1	0	0	1	1	0	0	1	1	0	0	0	1
"SEG26"	2011	1.42	1	1	0	0	0	1	0	1	0	0	0	1	0	1	0	0	0	0	0	1	0	0	0	1	0	0
"SEG27"	2011	0.97	1	1	0	0	1	0	0	0	1	0	0	0	0	1	0	0	0	0	0	0	0	1	0	0	0	0
"SEG28"	2011	0.97	1	1	0	0	0	1	0	0	0	1	0	1	0	1	0	0	0	0	1	1	0	1	0	0	0	0
"SEG29"	2011	0.97	1	1	1	1	0	1	0	1	1	1	0	0	0	1	0	0	0	0	1	1	1	1	0	1	0	0
"SEG30"	2011	1.37	1	1	0	1	0	1	1	1	1	0	0	1	0	1	0	0	1	0	0	0	0	0	0	0	0	0
"SEG31"	2011	1.37	0	1	0	1	0	1	1	1	1	0	0	1	1	0	0	0	0	1	0	0	1	0	0	0	0	0
"SEG32"	2011	1.37	0	1	0	1	0	1	0	1	1	0	0	1	0	0	0	0	1	1	0	0	1	0	0	0	0	0
"SEG33"	2011	2.04	1	1	0	1	1	1	1	0	0	0	0	1	0	0	0	1	1	1	1	0	0	1	0	0	0	0
"SEG34"	2011	1.92	1	1	1	1	1	1	1	0	0	0	0	1	0	0	0	0	1	1	1	0	1	0	0	0	0	0
"SEG35"	2011	2.07	1	1	0	1	1	1	1	0	0	0	0	1	1	0	0	0	1	1	0	0	0	0	0	0	0	0
"SEG36"	2011	1.17	1	1	0	1	1	1	1	0	0	0	0	1	1	1	0	0	1	1	0	0	0	0	0	0	0	0
"SEG37"	2011	1.99	0	1	0	1	1	0	1	0	1	0	0	0	1	0	0	0	0	1	0	0	0	1	0	0	0	0
"SEG38"	2011	1.96	0	1	0	1	0	1	1	0	0	0	0	1	0	0	0	0	1	1	0	0	0	0	0	0	0	0
"SEG39"	2011	1.29	1	1	0	1	1	1	1	0	0	0	0	1	0	0	0	0	1	1	0	0	1	0	0	0	0	0
"SEG40"	2011	2.22	0	1	1	1	1	1	1	0	0	0	0	1	0	0	0	0	1	1	0	0	0	0	0	0	0	0
"SEG41"	2011	1.61	1	1	0	1	1	1	1	0	0	0	0	1	0	0	0	0	0	1	0	0	0	0	0	0	0	0
"SEG42"	2011	2.09	1	1	0	1	1	1	1	0	0	0	0	1	1	0	0	0	1	1	0	0	0	1	0	0	0	0
"SEG43"	2011	2.03	1	1	0	1	1	1	1	0	0	0	0	1	1	0	0	0	1	1	0	0	0	0	0	0	0	0
"SEG44"	2011	1.23	1	1	1	1	1	1	1	0	0	0	0	1	1	1	0	0	0	1	0	0	0	0	0	0	0	0
"SEG45"	2011	1.68	1	1	0	1	1	1	1	0	0	0	0	1	1	1	0	0	1	1	0	0	0	1	0	0	0	0
"SEG46"	2011	2.06	0	1	0	1	1	1	1	0	0	0	0	1	0	0	0	0	1	1	0	0	0	0	0	0	0	0
"SEG47"	2011	1.65	1	1	0	1	1	1	0	0	0	0	0	1	1	1	0	0	1	1	0	0	0	0	0	0	0	0
"SEG48"	2011	1.45	0	1	0	1	1	1	1	0	1	0	0	1	0	0	0	0	1	1	0	0	0	0	0	0	0	0
"SEG49"	2011	1.32	1	1	0	1	1	1	1	0	0	0	0	1	1	1	0	1	1	1	0	0	0	0	0	0	0	0
"SEG50"	2011	1.39	0	1	0	1	1	1	1	0	1	0	0	1	0	0	0	0	1	1	0	0	0	1	0	1	0	0
"AEG01"	2012	2.35	1	0	1	1	1	1	1	1	0	0	1	0	1	1	0	1	1	0	1	1	1	0	1	0	0	0
"AEG02"	2012	2.84	0	0	0	0	0	0	0	0	0	0	0	0	0	0	0	0	0	0	0	0	0	0	0	0	0	0
"AEG03"	2012	1.1	1	1	0	1	1	1	1	0	0	1	1	0	1	0	0	1	0	1	1	1	1	0	1	0	0	0
"AEG04"	2012	1.84	1	0	1	1	1	1	1	0	0	1	1	0	1	1	0	1	1	0	1	1	0	0	0	0	0	0
"AEG05"	2012	1.74	1	1	1	1	1	1	1	1	1	0	1	0	1	0	0	1	0	0	1	1	1	0	0	0	0	0
"AEG06"	2012	2.26	1	1	1	1	1	1	1	1	0	1	1	0	1	0	0	1	1	1	1	1	1	0	0	0	0	0
"AEG07"	2012	0.53	0	0	0	0	1	0	0	0	0	0	0	0	1	0	1	0	0	1	0	0	0	0	0	0	1	0
"AEG08"	2012	1.19	1	1	0	1	1	1	0	1	1	1	1	0	1	0	1	0	0	1	0	0	0	0	1	0	0	0
"AEG09"	2012	0.72	0	1	0	0	0	0	0	0	0	0	0	0	1	0	1	0	0	1	0	0	0	0	0	0	1	0
"AEG10"	2012	0.97	1	1	0	1	1	1	0	1	1	0	1	0	1	0	1	1	0	1	1	1	1	0	1	0	0	0
"AEG11"	2012	2.15	1	1	1	1	0	1	0	1	1	1	1	0	0	0	0	1	0	1	1	1	0	1	1	0	0	0
"AEG12"	2012	2.22	1	1	1	1	1	1	1	0	0	0	1	0	1	0	0	1	1	1	1	1	1	0	1	0	0	0
"AEG13"	2012	2	1	1	1	1	0	1	1	1	0	0	1	0	0	0	0	1	0	1	1	1	1	0	0	0	0	0
"AEG14"	2012	2.53	1	1	1	1	1	0	1	0	0	1	1	0	1	0	0	1	1	1	1	1	1	0	0	0	0	0
"AEG15"	2012	3.09	1	0	1	1	1	1	1	0	1	0	1	0	1	0	0	1	0	1	0	1	1	0	0	0	0	0
"AEG16"	2012	1.5	1	1	1	1	1	1	1	1	1	1	1	0	1	0	0	1	1	1	1	1	1	0	0	0	0	0
"AEG17"	2012	1.72	1	1	0	1	1	1	1	0	0	1	1	0	1	0	0	1	0	1	1	1	1	0	1	0	0	0
"AEG18"	2012	2.53	1	1	1	1	1	1	1	1	0	1	1	0	1	0	0	1	1	1	1	1	1	0	0	0	0	0
"AEG19"	2012	1.72	1	1	1	1	0	1	0	1	0	1	1	0	0	1	0	1	0	0	1	1	1	0	0	0	0	0
"AEG20"	2012	0.8	1	1	0	1	1	1	0	1	1	1	1	0	1	1	0	1	0	0	0	0	1	0	0	0	0	0
"AEG21"	2012	2.29	1	1	1	1	1	1	1	0	1	1	1	0	1	1	0	1	0	1	1	1	0	0	0	0	0	0
"AEG22"	2012	1.09	1	1	0	1	1	1	0	0	1	0	1	0	1	0	1	1	0	1	0	0	1	0	1	0	0	0
"AEG23"	2012	1.72	1	1	1	1	1	1	1	0	1	1	1	0	0	0	0	1	0	1	0	1	1	0	0	0	0	0
"AEG24"	2012	2.35	1	1	1	1	1	1	1	0	0	0	1	0	1	0	0	1	1	1	1	1	0	0	0	0	0	0
"AEG25"	2012	0.56	0	0	0	1	1	1	0	0	0	0	0	0	1	0	1	0	0	1	0	0	0	1	0	0	0	0
"AEG26"	2012	1.47	0	0	0	0	0	0	0	0	0	0	0	0	1	0	1	0	0	1	0	0	0	0	0	0	1	0
"AEG27"	2012	1.01	0	0	0	0	1	0	0	0	0	0	0	0	1	0	1	0	0	1	0	0	0	0	0	0	1	0
"AEG28"	2012	1.38	1	1	0	1	1	1	1	0	1	1	1	0	1	0	1	1	0	1	0	0	0	0	1	0	1	0
"AEG29"	2012	1.34	0	1	0	1	1	1	0	1	1	1	1	0	1	0	1	1	0	1	1	0	1	1	1	0	0	0
"AEG30"	2012	1.68	1	1	1	1	1	1	0	1	1	1	1	0	1	0	0	1	0	1	1	0	1	1	1	0	0	0
"AEG31"	2012	1.52	0	1	0	1	0	0	0	1	1	0	1	0	1	0	0	1	0	1	1	0	1	0	1	0	0	0
"AEG32"	2012	0.99	1	1	0	1	1	1	1	0	1	1	1	0	0	1	0	1	0	1	0	0	0	0	1	0	0	0
"AEG33"	2012	1.07	0	1	0	1	1	1	1	0	1	1	1	0	1	0	0	1	0	1	0	0	0	0	1	0	0	0
"AEG34"	2012	1.55	1	1	0	1	1	1	1	0	1	1	1	0	1	0	0	1	1	1	0	0	1	0	0	0	0	0
"AEG35"	2012	1.95	1	1	1	1	1	1	1	1	1	1	1	0	1	0	0	1	1	1	0	0	1	1	0	0	0	0
"AEG36"	2012	1.75	1	1	1	1	1	1	1	1	1	1	1	0	1	0	0	1	0	1	1	0	1	1	1	0	0	0
"AEG37"	2012	2.08	1	1	1	1	0	1	1	0	0	0	1	0	1	0	0	1	1	0	1	1	1	0	0	0	0	0
"AEG38"	2012	1.37	1	1	1	0	1	1	1	0	1	1	1	0	1	0	0	1	1	1	0	0	1	1	1	0	0	0
"AEG39"	2012	2	1	1	1	1	1	1	1	0	0	1	1	0	0	0	0	1	1	0	1	1	1	0	0	0	0	0
"AEG40"	2012	1.94	0	1	0	1	1	1	1	0	1	1	1	0	1	0	0	1	0	1	1	1	1	0	0	0	0	0
"AEG41"	2012	2.7	1	1	1	1	1	1	1	0	0	1	1	0	1	0	0	1	1	1	1	1	1	0	0	0	0	0
"AEG42"	2012	2.22	1	1	1	1	1	1	1	1	1	1	1	0	1	1	0	1	0	1	1	1	1	0	1	0	0	0
"AEG43"	2012	1.05	1	1	1	1	1	0	0	0	0	0	1	0	0	1	0	1	0	1	1	1	1	0	0	0	0	0
"AEG44"	2012	1.27	1	1	1	1	1	1	0	1	1	1	1	0	1	0	0	1	1	1	1	1	1	0	1	0	0	0
"AEG45"	2012	1.68	1	1	1	1	0	1	1	0	0	1	1	0	1	0	0	1	0	0	1	1	0	0	0	0	0	0
"AEG46"	2012	1.29	1	1	1	1	1	1	1	1	1	1	1	0	1	1	0	1	1	0	1	0	1	0	0	0	0	0
"AEG47"	2012	0.72	0	0	0	0	1	0	0	0	0	0	0	0	1	0	1	0	0	1	0	0	0	0	0	0	1	0
"AEG48"	2012	0.63	0	0	0	0	1	0	0	0	0	0	0	0	1	0	1	0	0	1	0	0	0	0	0	0	1	0
"AEG49"	2012	1.18	1	1	0	1	1	1	1	0	1	1	1	0	1	0	0	1	0	1	0	0	0	0	1	0	0	0
"AEG50"	2012	1.56	1	1	1	1	1	1	0	0	0	1	1	0	1	0	0	1	0	1	0	1	1	0	0	0	0	0
"HEG01"	2012	2.77	1	1	1	1	1	1	1	0	0	0	0	1	0	0	0	0	0	1	0	0	0	0	0	0	0	0
"HEG02"	2012	2.42	0	0	0	0	1	1	1	0	0	0	0	0	0	0	0	0	0	0	0	0	0	0	0	0	0	0
"HEG03"	2012	2.6	0	1	1	0	1	1	0	0	1	1	0	1	0	0	0	0	0	0	0	0	0	0	0	0	0	0
"HEG04"	2012	1.5	1	0	1	0	1	1	1	0	0	0	0	1	0	1	0	1	0	0	0	0	0	0	0	0	0	0
"HEG05"	2012	2.84	1	1	0	0	1	1	1	0	1	1	0	1	1	1	0	0	0	1	0	1	0	0	0	0	0	0
"HEG06"	2012	1.49	0	1	0	1	0	1	1	1	0	1	0	0	1	0	0	0	0	1	0	1	1	1	0	0	0	0
"HEG07"	2012	1.7	1	1	0	1	1	1	1	0	0	1	0	1	1	0	0	0	0	1	1	0	0	0	0	0	0	0
"HEG08"	2012	0.8	0	1	1	1	1	1	1	0	0	1	1	1	1	1	0	0	1	1	1	0	1	0	0	0	0	0
"HEG09"	2012	0.56	0	1	1	1	1	1	0	1	1	1	1	1	1	0	0	1	0	1	0	0	1	1	1	0	1	0
"HEG10"	2012	1.04	1	1	1	1	1	0	0	1	1	1	0	0	1	1	0	0	1	1	0	0	0	0	0	0	0	0
"HEG11"	2012	0.97	0	1	0	1	0	1	0	1	1	1	1	1	0	0	0	0	1	1	0	0	1	0	0	0	0	0
"HEG12"	2012	2.96	1	1	0	1	1	1	1	0	0	1	0	0	0	1	0	0	1	0	0	0	0	0	0	0	0	0
"HEG13"	2012	1.74	1	1	0	1	1	1	1	0	0	1	0	1	0	1	0	0	0	1	0	0	1	0	0	0	0	0
"HEG14"	2012	2.66	0	1	1	1	1	1	0	1	0	1	1	1	1	0	0	0	1	1	1	0	1	0	0	0	0	0
"HEG15"	2012	2.74	0	1	1	1	1	1	1	0	0	1	1	0	1	0	0	0	1	1	1	1	0	0	0	0	0	0
"HEG16"	2012	1.59	1	1	1	1	1	1	0	1	0	1	0	1	1	1	0	0	1	1	0	0	0	0	0	0	0	0
"HEG17"	2012	0.7	0	1	0	1	1	1	0	1	1	1	1	0	1	0	0	0	0	1	0	0	0	1	1	0	0	0
"HEG18"	2012	0.81	0	1	0	1	1	1	0	1	1	0	1	0	1	0	1	0	0	0	0	0	1	0	1	0	0	0
"HEG19"	2012	0.7	0	1	1	1	1	0	0	1	1	1	1	1	1	1	0	1	0	0	0	0	0	1	0	0	0	0
"HEG20"	2012	1.53	1	1	0	1	1	1	0	1	1	1	1	1	1	1	0	1	0	1	0	0	1	1	0	0	1	0
"HEG21"	2012	0.86	1	1	0	1	0	1	0	1	0	1	1	0	0	0	0	0	0	1	0	0	1	0	0	0	0	0
"HEG22"	2012	1.45	0	1	1	1	1	1	0	0	0	1	0	0	1	1	0	0	1	1	1	1	0	0	0	0	0	0
"HEG23"	2012	1.19	0	1	0	1	0	1	1	1	1	1	1	0	1	1	0	1	1	0	0	0	1	0	0	0	0	0
"HEG24"	2012	1.66	1	0	1	1	1	1	1	0	0	1	0	1	1	1	0	0	0	1	1	1	1	0	0	0	0	0
"HEG25"	2012	1.2	0	1	0	1	1	1	0	0	1	1	1	1	1	0	0	0	0	1	0	0	1	0	0	0	0	0
"HEG26"	2012	0.97	1	0	1	1	0	1	0	1	0	0	1	1	0	0	0	0	0	0	1	0	0	0	0	0	0	0
"HEG27"	2012	1.96	0	1	1	1	0	0	0	1	1	0	1	0	1	0	1	0	1	1	0	0	1	0	1	0	0	0
"HEG28"	2012	1.37	1	1	1	1	1	1	1	0	1	1	0	1	1	0	0	0	0	0	0	0	1	0	0	0	0	0
"HEG29"	2012	1.37	1	1	0	1	1	1	1	0	1	1	0	1	1	0	0	0	0	1	0	0	1	0	0	0	0	0
"HEG30"	2012	2.71	0	1	0	1	1	1	0	0	1	1	1	1	1	0	0	0	0	1	0	0	1	0	0	0	0	0
"HEG31"	2012	1.94	0	1	0	1	1	1	1	1	1	1	1	1	0	1	0	0	0	1	1	1	0	0	0	0	0	0
"HEG32"	2012	2.11	1	1	1	1	0	1	0	0	0	0	0	0	0	0	0	0	1	0	0	0	0	0	0	0	0	0
"HEG33"	2012	1.27	1	1	1	1	1	1	0	0	1	0	1	1	1	0	0	0	0	0	0	0	1	0	0	0	0	0
"HEG34"	2012	1.49	1	1	0	1	1	1	1	0	0	1	0	0	1	1	0	0	1	1	0	0	0	0	0	0	0	0
"HEG35"	2012	1.19	0	1	1	1	1	1	1	0	0	1	0	1	1	0	0	0	1	1	1	0	0	0	0	0	0	0
"HEG36"	2012	3.02	0	0	1	1	1	1	1	1	1	1	0	1	1	0	0	0	1	1	0	0	1	0	0	0	0	0
"HEG37"	2012	3.02	0	1	1	1	1	1	1	0	0	1	0	1	1	0	0	0	0	1	0	0	1	0	0	0	0	0
"HEG38"	2012	2.15	1	1	0	1	1	1	1	1	0	1	1	0	1	0	0	0	1	1	1	1	1	0	0	0	0	0
"HEG39"	2012	1.33	1	0	1	1	1	1	0	0	0	1	0	1	1	1	0	1	0	1	0	1	1	0	0	0	0	0
"HEG40"	2012	2.01	1	1	1	1	1	1	1	0	0	1	0	1	1	1	0	1	1	1	1	0	0	0	0	0	0	0
"HEG41"	2012	1.53	0	1	0	0	1	1	0	1	1	1	1	0	1	0	1	0	0	1	0	0	1	1	1	0	1	0
"HEG42"	2012	0.7	0	1	0	1	0	1	0	1	1	1	1	1	1	0	0	1	0	1	0	0	1	1	1	0	0	0
"HEG43"	2012	1.4	0	1	0	1	1	1	0	1	1	1	1	0	1	0	1	0	0	0	1	0	1	0	1	0	1	0
"HEG44"	2012	1.13	0	1	0	1	1	1	0	1	1	1	1	1	1	0	1	0	1	1	0	0	1	0	1	0	0	0
"HEG45"	2012	0.81	0	1	0	0	1	1	1	1	1	1	1	1	0	0	1	0	1	1	0	1	1	0	1	0	0	0
"HEG46"	2012	0.79	0	1	0	1	1	1	0	1	0	1	1	0	1	0	0	0	1	1	0	0	1	0	0	0	1	0
"HEG47"	2012	1.57	1	0	1	1	1	1	1	1	0	1	0	1	1	1	0	1	1	0	1	1	0	0	0	0	0	0
"HEG48"	2012	1.44	1	1	1	1	1	0	0	1	0	1	1	1	1	0	0	1	1	1	0	0	0	0	0	0	0	0
"HEG49"	2012	0.97	0	1	1	1	1	1	0	1	1	0	0	1	1	0	0	1	1	1	1	1	1	0	0	0	0	0
"HEG50"	2012	1.05	0	1	1	1	0	1	0	1	0	1	1	1	1	0	1	0	0	1	1	0	1	0	0	0	0	0
"SEG01"	2012	1.83	1	1	0	1	1	1	1	0	1	1	0	0	0	1	0	0	0	0	0	0	0	1	0	1	0	0
"SEG02"	2012	2.01	1	0	0	1	1	1	0	0	0	1	0	1	0	1	0	0	0	0	0	1	0	0	0	0	0	0
"SEG03"	2012	1.83	1	1	1	0	1	1	0	0	0	0	0	1	1	1	0	0	0	0	0	1	0	0	0	1	0	0
"SEG04"	2012	0.94	0	0	1	0	0	1	0	0	0	0	0	1	0	0	0	0	0	0	1	0	0	0	0	0	0	1
"SEG05"	2012	1.77	1	1	0	1	0	0	0	1	0	0	0	0	0	1	0	0	0	0	1	1	0	1	0	1	0	0
"SEG06"	2012	1.45	1	1	1	0	1	1	0	0	0	0	0	0	0	1	0	0	0	0	0	0	0	0	0	1	0	1
"SEG07"	2012	1.99	1	1	1	1	0	1	0	0	0	0	0	1	0	1	0	0	1	0	0	0	0	0	0	0	0	0
"SEG08"	2012	1.8	1	1	0	1	1	1	0	1	0	0	0	1	0	1	0	0	0	0	0	1	0	0	0	1	0	0
"SEG09"	2012	2.05	1	0	0	0	1	1	0	0	0	1	0	0	0	1	0	0	0	0	0	1	0	0	0	1	0	1
"SEG10"	2012	1.75	1	1	0	0	0	1	0	0	1	0	0	0	0	1	0	0	0	0	0	1	0	0	0	1	0	1
"SEG11"	2012	1.75	1	1	1	0	1	1	0	1	0	1	0	1	0	1	0	0	0	0	0	1	0	1	0	1	0	0
"SEG12"	2012	1.83	1	1	0	1	1	1	1	0	0	1	0	0	0	1	0	0	0	0	0	0	0	1	0	1	0	0
"SEG13"	2012	1.37	1	1	1	1	1	1	0	1	1	0	1	1	1	0	0	1	0	1	0	1	0	1	1	0	0	0
"SEG14"	2012	1.24	1	0	1	1	0	1	0	1	0	1	0	1	0	1	0	0	0	0	0	0	0	1	0	1	0	0
"SEG15"	2012	1.42	1	1	1	0	0	1	0	0	0	1	0	0	0	1	0	0	0	0	0	1	0	1	0	1	0	1
"SEG16"	2012	2.42	1	0	1	1	0	1	0	1	0	0	0	1	0	1	0	0	0	0	1	1	1	0	0	0	0	1
"SEG17"	2012	1.43	1	1	0	0	1	1	0	0	0	0	0	0	0	1	0	1	0	0	0	0	0	1	0	1	0	1
"SEG18"	2012	1.37	0	1	0	1	0	1	0	1	1	0	0	0	0	0	0	0	1	1	1	0	0	1	0	0	0	0
"SEG19"	2012	1.47	1	1	0	0	0	1	0	0	0	0	0	1	0	1	0	0	0	0	1	0	0	0	0	1	0	1
"SEG20"	2012	1.46	1	1	0	0	1	1	1	0	0	0	0	1	0	1	0	0	0	0	0	0	0	0	0	0	0	0
"SEG21"	2012	1.39	0	1	0	1	1	1	1	0	0	0	0	1	0	1	0	0	1	1	0	0	0	0	0	0	0	0
"SEG22"	2012	1.82	1	1	1	0	1	1	0	0	0	1	0	0	1	1	0	1	0	0	0	1	0	1	0	0	0	0
"SEG23"	2012	2.22	0	1	1	0	0	0	0	0	0	0	0	0	0	0	0	0	0	0	0	1	1	1	0	0	0	1
"SEG24"	2012	0.97	1	1	0	1	0	0	0	0	1	1	0	0	0	1	0	0	0	0	1	1	0	1	0	1	0	0
"SEG25"	2012	1.37	1	1	1	0	1	1	0	0	0	0	0	1	0	1	0	0	0	1	0	0	0	1	0	0	0	1
"SEG26"	2012	2.22	0	1	0	0	0	1	0	1	0	0	0	1	0	1	0	0	0	0	0	1	0	0	0	1	0	0
"SEG27"	2012	0.97	1	1	0	1	1	0	0	0	1	0	0	0	0	1	0	0	0	0	0	0	0	1	0	1	0	1
"SEG28"	2012	1.37	1	1	0	0	0	1	0	0	0	1	0	1	0	1	0	0	0	0	1	1	0	1	0	0	0	0
"SEG29"	2012	0.97	1	0	1	1	0	1	0	1	1	1	0	0	0	1	0	0	0	0	1	1	1	1	0	1	0	0
"SEG30"	2012	1.37	1	1	0	1	0	1	0	1	0	1	0	0	0	0	0	0	1	1	0	0	1	0	0	0	0	0
"SEG31"	2012	1.37	0	1	0	1	1	0	0	1	1	0	0	1	0	0	0	0	0	1	0	0	1	0	0	0	0	0
"SEG32"	2012	1.37	0	1	0	1	0	0	0	1	1	0	0	1	0	0	0	0	1	1	0	0	1	0	0	0	0	0
"SEG33"	2012	2.14	1	0	0	1	1	1	1	0	0	0	0	1	1	0	0	1	1	0	1	0	0	0	0	0	0	0
"SEG34"	2012	2.09	1	1	1	1	1	1	1	0	0	0	0	1	1	0	0	0	1	1	1	0	0	0	0	0	0	0
"SEG35"	2012	2.02	1	1	0	1	1	1	1	0	0	0	0	1	1	0	0	0	1	1	0	0	1	0	0	0	0	0
"SEG36"	2012	1.38	1	1	1	1	1	1	1	0	0	0	0	0	1	1	0	1	1	1	0	0	0	0	0	0	0	0
"SEG37"	2012	1.64	0	1	0	1	1	1	1	0	1	0	0	0	0	1	0	0	1	1	0	0	0	0	0	0	0	0
"SEG38"	2012	1.58	0	1	1	1	0	1	1	0	0	0	0	1	0	0	0	0	1	1	0	0	0	0	0	0	0	0
"SEG39"	2012	1.15	0	1	0	1	1	1	1	0	0	0	0	1	1	1	0	0	0	1	0	0	0	0	0	0	0	0
"SEG40"	2012	1.9	1	1	1	1	1	1	1	0	0	0	0	1	0	1	0	0	1	1	0	0	0	0	0	0	0	0
"SEG41"	2012	1.2	1	1	0	1	1	1	1	0	0	0	0	0	0	0	0	0	0	1	0	0	0	0	0	0	0	0
"SEG42"	2012	4.05	1	1	0	1	1	1	1	0	0	0	0	1	1	0	0	0	1	1	0	0	0	1	0	0	0	0
"SEG43"	2012	1.4	1	1	1	1	1	1	1	0	0	0	0	1	1	1	0	0	0	1	0	0	0	0	0	0	0	0
"SEG44"	2012	1.43	0	1	1	1	1	0	1	0	0	0	0	1	1	1	0	0	0	1	0	0	0	0	0	0	0	0
"SEG45"	2012	1.31	1	1	0	1	1	1	1	0	0	0	0	1	1	1	0	0	0	1	0	0	0	1	0	0	0	0
"SEG46"	2012	2.3	0	1	0	1	1	1	1	0	0	0	0	1	1	0	0	0	1	1	0	0	0	0	0	0	0	0
"SEG47"	2012	1.75	1	1	0	1	1	1	1	0	0	0	0	1	1	1	0	0	1	1	0	0	0	0	0	0	0	0
"SEG48"	2012	1.59	0	1	0	1	1	0	1	0	1	0	0	0	0	0	0	0	1	1	0	0	0	1	0	0	0	0
"SEG49"	2012	1.57	1	1	0	1	1	1	1	0	0	0	0	1	1	1	0	0	1	1	0	0	0	0	0	0	0	0
"SEG50"	2012	0.68	0	1	0	1	1	1	1	1	1	0	0	1	0	0	0	0	1	1	0	0	0	1	0	1	0	0
"AEG01"	2013	1.94	1	0	1	1	1	1	1	1	0	0	1	0	1	0	0	1	1	1	1	1	1	0	1	0	0	0
"AEG02"	2013	2.52	1	0	0	1	1	1	1	1	0	1	0	0	1	0	0	1	0	1	1	0	0	0	0	0	0	0
"AEG03"	2013	1.41	1	1	0	1	1	1	1	0	1	1	1	0	1	0	0	1	0	1	1	1	1	0	1	0	0	0
"AEG04"	2013	1.88	1	0	1	1	1	1	1	0	0	0	0	0	1	1	0	1	1	0	1	1	0	0	0	0	0	0
"AEG05"	2013	1.92	1	1	1	1	1	1	1	1	0	0	1	0	1	1	0	1	0	0	1	1	1	0	0	0	0	0
"AEG06"	2013	1.99	1	1	1	1	1	1	1	1	0	0	1	0	1	1	0	1	1	1	1	1	1	0	0	0	0	0
"AEG07"	2013	0.43	0	0	0	0	1	0	0	0	0	0	0	0	1	0	0	0	0	1	0	0	0	0	0	0	1	0
"AEG08"	2013	1.44	1	1	0	1	1	1	0	1	0	1	1	0	1	0	1	0	0	1	0	0	0	0	1	0	0	0
"AEG09"	2013	0.67	0	1	0	0	1	0	0	0	0	0	0	0	1	0	1	0	0	1	0	0	0	0	1	0	1	0
"AEG10"	2013	0.98	0	1	0	1	1	1	0	1	1	0	1	0	1	0	1	1	0	1	1	1	1	0	1	0	0	0
"AEG11"	2013	2.07	1	1	1	1	0	1	1	0	1	1	1	0	1	0	0	1	0	1	1	1	0	0	1	0	0	0
"AEG12"	2013	2.22	1	1	1	1	1	1	1	0	0	0	1	0	1	0	0	1	1	1	1	1	1	0	1	0	0	0
"AEG13"	2013	2.22	1	1	1	1	0	1	1	1	0	0	1	0	0	0	0	1	1	1	1	1	1	0	0	0	0	0
"AEG14"	2013	1.64	1	0	1	1	1	1	1	0	0	1	1	0	1	0	0	1	1	1	1	1	1	0	0	0	0	0
"AEG15"	2013	3.52	1	1	1	1	1	1	1	0	0	0	1	0	1	0	0	1	0	1	1	1	1	0	0	0	0	0
"AEG16"	2013	1.81	1	1	1	1	1	1	1	1	0	1	1	0	1	0	0	1	1	1	1	1	1	0	0	0	0	0
"AEG17"	2013	1.63	0	1	0	1	1	1	1	0	0	0	1	0	1	0	0	1	0	1	1	1	1	0	1	0	0	0
"AEG18"	2013	2.24	1	1	1	1	1	1	0	1	0	1	1	0	1	0	0	1	1	1	1	1	1	0	1	0	0	0
"AEG19"	2013	1.79	1	0	1	1	0	1	0	1	0	1	1	0	0	1	0	1	0	0	1	1	1	0	0	0	0	0
"AEG20"	2013	0.59	1	1	0	1	1	1	1	1	1	1	0	0	1	1	0	1	0	0	0	0	1	1	0	0	0	0
"AEG21"	2013	3.21	1	0	1	1	1	1	1	0	1	0	1	0	1	1	0	1	0	1	1	1	0	0	0	0	0	0
"AEG22"	2013	1.39	1	0	0	1	1	0	0	0	1	1	0	0	1	0	1	1	0	1	0	0	1	0	1	0	0	0
"AEG23"	2013	1.76	1	1	1	1	1	1	1	0	1	1	1	0	1	0	0	1	0	1	1	1	1	0	0	0	0	0
"AEG24"	2013	2.69	1	1	1	1	1	1	1	0	0	0	1	0	1	0	0	1	1	1	1	1	1	0	0	0	0	0
"AEG25"	2013	0.53	0	1	0	1	1	1	0	0	0	0	0	0	1	0	1	0	0	1	0	0	0	1	1	0	0	0
"AEG26"	2013	1.34	0	0	0	0	1	0	0	0	0	0	0	0	1	0	1	0	0	1	0	0	0	0	0	0	1	0
"AEG27"	2013	1.05	0	0	0	0	1	0	0	0	0	0	0	0	1	0	1	0	0	1	0	0	0	0	0	0	1	0
"AEG28"	2013	1.2	1	1	0	1	1	1	1	0	1	1	1	0	1	0	1	1	0	1	0	0	0	0	1	0	1	0
"AEG29"	2013	1.97	0	1	0	1	1	1	0	1	1	1	0	0	1	0	1	1	0	1	1	0	1	1	1	0	0	0
"AEG30"	2013	1.8	1	1	1	1	1	1	0	1	1	1	1	0	1	0	0	1	0	1	1	1	1	1	1	0	0	0
"AEG31"	2013	1.52	1	1	0	1	1	1	0	1	1	0	1	0	1	0	0	1	0	1	1	1	1	1	1	0	0	0
"AEG32"	2013	0.89	1	1	0	1	1	1	0	0	1	1	1	0	1	0	0	1	0	1	0	0	1	1	1	0	0	0
"AEG33"	2013	1.09	1	1	0	1	1	1	1	0	1	1	1	0	1	0	0	1	0	1	0	0	0	0	1	0	0	0
"AEG34"	2013	1.46	1	1	0	1	1	1	1	1	1	1	1	0	1	0	0	1	1	1	0	0	1	0	0	0	0	0
"AEG35"	2013	1.94	1	1	1	1	1	1	1	1	1	1	1	0	1	0	0	1	1	1	0	0	1	1	0	0	0	0
"AEG36"	2013	1.88	1	1	1	1	1	1	1	1	1	1	0	0	1	0	0	1	0	1	1	0	1	1	1	0	0	0
"AEG37"	2013	2.34	1	0	1	1	1	1	1	0	0	0	1	0	1	0	0	1	1	1	1	1	1	0	0	0	0	0
"AEG38"	2013	1.39	1	1	1	1	1	1	1	0	1	1	1	0	1	0	0	1	1	1	0	0	1	1	1	0	0	0
"AEG39"	2013	2.3	1	0	1	1	1	1	1	0	0	1	1	0	0	0	0	1	1	0	1	1	1	0	0	0	0	0
"AEG40"	2013	2.55	1	1	0	1	1	1	1	0	0	0	1	0	1	0	0	1	0	1	1	1	1	0	0	0	0	0
"AEG41"	2013	3.2	1	0	1	1	1	1	0	1	0	1	1	0	1	0	0	1	1	1	1	1	1	0	0	0	0	0
"AEG42"	2013	1.94	1	1	1	1	1	1	1	1	1	1	1	0	1	1	0	1	0	1	1	1	1	0	1	0	0	0
"AEG43"	2013	1.39	1	1	1	1	1	0	0	0	0	1	1	0	0	1	0	1	0	1	1	1	1	0	0	0	0	0
"AEG44"	2013	1.1	1	1	1	1	1	1	1	1	1	1	1	0	1	0	0	1	1	1	1	1	1	0	1	0	0	0
"AEG45"	2013	1.64	1	0	0	1	1	1	1	0	0	1	1	0	1	0	0	1	1	0	1	1	0	0	0	0	0	0
"AEG46"	2013	1.68	1	1	1	1	1	1	1	0	1	1	0	0	1	1	0	1	0	0	1	0	1	0	0	0	0	0
"AEG47"	2013	0.72	0	0	0	0	1	0	0	0	0	0	0	0	1	0	1	0	0	1	0	0	0	0	0	0	1	0
"AEG48"	2013	0.65	0	0	0	0	0	0	0	0	0	0	0	0	1	0	1	0	0	1	0	0	0	0	0	0	1	0
"AEG49"	2013	1.1	0	1	0	1	1	1	1	0	1	1	1	0	1	0	0	1	0	1	0	0	1	0	1	0	0	0
"AEG50"	2013	1.64	1	0	1	1	1	1	0	0	0	1	1	0	1	0	0	1	0	1	0	1	1	0	0	0	0	0
"HEG01"	2013	3.02	1	1	1	1	1	1	1	0	0	1	0	1	0	0	0	0	0	1	0	0	0	0	0	0	0	0
"HEG02"	2013	2.1	1	0	0	1	1	1	1	1	0	1	0	0	0	0	0	0	0	0	0	0	0	0	0	0	0	0
"HEG03"	2013	2.88	1	1	1	1	1	1	0	0	1	1	0	1	0	1	0	0	0	0	0	0	0	0	0	0	0	0
"HEG04"	2013	2.23	1	1	1	0	1	1	1	0	0	1	0	1	0	0	0	1	0	0	0	0	0	0	0	0	0	0
"HEG05"	2013	2.57	1	1	0	1	1	1	0	0	0	1	0	1	0	1	0	0	0	1	0	0	0	0	0	0	0	0
"HEG06"	2013	1.57	1	1	0	1	1	1	1	1	0	1	1	1	1	0	0	0	1	1	0	1	0	1	0	0	0	0
"HEG07"	2013	1.13	1	1	0	1	1	1	1	1	0	1	0	1	1	1	0	0	0	1	1	0	0	0	0	0	0	0
"HEG08"	2013	1.13	1	1	1	1	1	1	1	0	0	1	1	1	1	0	0	0	0	1	1	0	1	0	0	0	0	0
"HEG09"	2013	0.68	1	1	0	1	1	1	0	1	1	1	1	0	1	0	0	1	0	1	1	0	1	1	1	0	1	0
"HEG10"	2013	2.25	1	1	1	1	1	1	0	1	1	1	1	0	1	1	0	0	0	1	1	0	1	0	0	0	0	0
"HEG11"	2013	2.25	0	1	0	1	0	1	0	1	1	1	1	1	1	0	1	0	1	1	0	0	1	0	0	0	0	0
"HEG12"	2013	3.41	1	1	1	1	1	1	1	0	0	1	0	0	0	1	0	0	0	0	0	0	0	0	0	0	0	0
"HEG13"	2013	1.88	1	1	0	1	1	1	1	0	0	0	0	1	1	1	0	0	0	1	0	0	1	0	0	0	0	0
"HEG14"	2013	2.18	1	1	1	1	1	1	0	1	1	1	1	1	1	0	0	0	0	0	1	0	1	0	0	0	0	0
"HEG15"	2013	2.17	0	1	1	1	1	1	1	1	0	1	1	1	1	0	0	0	0	1	1	1	0	0	1	0	0	0
"HEG16"	2013	1.03	1	1	1	1	1	1	1	0	0	1	0	1	1	1	0	1	0	1	0	0	0	0	0	0	0	0
"HEG17"	2013	0.5	0	1	1	1	1	1	0	1	1	1	1	0	1	0	0	1	0	1	0	0	1	0	0	0	0	0
"HEG18"	2013	1.12	0	1	0	1	1	1	0	1	1	1	1	0	1	0	1	0	0	1	0	0	1	0	0	0	1	0
"HEG19"	2013	0.5	1	1	1	1	1	0	0	1	1	1	1	0	1	1	0	1	0	0	1	0	1	1	0	0	0	0
"HEG20"	2013	0.86	1	1	0	1	1	1	0	1	1	1	1	1	1	1	0	1	0	1	1	0	1	1	0	0	0	0
"HEG21"	2013	0.58	1	1	0	1	1	1	0	1	1	1	1	1	0	0	0	0	0	1	0	0	1	0	0	0	0	0
"HEG22"	2013	1.49	0	1	1	1	1	1	1	0	0	1	0	0	1	0	0	0	0	1	1	1	1	0	0	0	0	0
"HEG23"	2013	1.21	1	1	0	1	1	1	1	1	1	1	1	0	1	1	0	1	1	1	0	0	1	0	0	0	1	0
"HEG24"	2013	1.46	1	1	1	1	1	1	1	0	0	1	0	1	1	1	0	0	0	1	1	1	1	0	0	0	0	0
"HEG25"	2013	1.1	0	1	1	1	0	1	0	1	1	1	1	0	1	0	0	0	0	1	1	0	1	0	1	0	0	0
"HEG26"	2013	0.98	1	1	1	1	0	1	0	1	0	0	0	1	0	0	0	0	0	0	1	0	1	0	0	0	0	0
"HEG27"	2013	1.81	1	1	1	1	0	1	0	1	1	1	1	0	1	0	1	0	1	1	0	1	1	0	1	0	0	0
"HEG28"	2013	1.39	0	1	1	1	0	1	1	0	1	1	0	1	1	0	0	0	0	1	0	0	1	1	0	0	0	0
"HEG29"	2013	1.39	0	1	0	1	1	1	1	0	1	1	0	1	1	0	0	0	0	1	0	0	1	1	0	0	0	0
"HEG30"	2013	2.61	0	1	0	1	1	1	0	1	1	1	1	1	1	0	0	0	0	1	0	0	1	0	0	0	0	0
"HEG31"	2013	2.46	1	1	0	1	1	1	0	1	1	1	1	1	0	1	0	0	0	1	1	1	1	0	0	0	0	0
"HEG32"	2013	1.95	1	1	1	1	1	1	0	0	0	0	0	0	0	0	0	0	0	0	0	1	0	0	0	0	0	0
"HEG33"	2013	1.59	1	1	1	1	1	1	1	0	1	1	1	1	1	0	0	0	0	0	1	0	1	0	0	0	0	0
"HEG34"	2013	1.57	1	1	0	1	1	1	1	0	0	1	0	0	1	1	0	0	0	1	0	0	0	0	0	0	0	0
"HEG35"	2013	2.39	1	1	1	1	1	1	1	0	0	1	0	1	1	0	0	0	1	1	1	0	0	0	0	0	0	0
"HEG36"	2013	3.03	0	1	1	1	1	1	1	1	1	1	1	1	1	0	0	0	1	1	0	0	1	0	0	0	0	0
"HEG37"	2013	3.03	1	1	1	1	1	1	1	1	0	1	1	1	1	0	0	0	0	1	1	0	0	0	0	0	0	0
"HEG38"	2013	2.61	1	1	0	1	1	1	1	0	0	1	0	0	1	0	0	1	0	1	0	0	1	0	0	0	1	0
"HEG39"	2013	1	1	0	1	1	1	1	0	0	0	1	0	1	1	1	0	1	0	1	0	1	1	0	0	0	0	0
"HEG40"	2013	1.6	1	1	1	1	1	1	1	0	0	1	0	1	1	1	0	1	1	1	1	0	0	0	0	0	0	0
"HEG41"	2013	0.86	0	1	0	1	1	1	0	1	1	1	1	0	1	0	1	0	0	1	0	0	1	0	1	0	1	0
"HEG42"	2013	0.63	0	1	1	1	1	1	0	1	1	1	1	1	1	0	0	1	0	1	1	0	1	1	1	0	1	0
"HEG43"	2013	1.19	0	1	0	1	1	1	0	1	1	1	1	1	1	0	1	0	0	1	0	0	1	0	1	0	1	0
"HEG44"	2013	0.5	0	1	1	1	1	1	0	1	1	1	1	1	1	0	0	0	0	1	0	0	1	0	1	0	0	0
"HEG45"	2013	0.79	0	1	0	1	1	1	0	1	1	1	1	1	1	0	1	0	1	1	0	0	1	0	1	0	0	0
"HEG46"	2013	0.73	0	1	0	0	1	1	0	0	1	1	1	0	0	0	0	0	0	1	0	0	1	0	0	0	1	0
"HEG47"	2013	1.39	1	1	1	1	1	1	1	1	0	1	1	0	1	0	0	0	1	0	1	1	1	0	0	0	0	0
"HEG48"	2013	0.98	1	1	1	1	1	1	0	1	0	1	1	1	1	0	0	1	1	1	1	0	0	0	0	0	0	0
"HEG49"	2013	1.39	1	1	1	1	1	1	1	1	1	1	0	1	1	1	0	0	1	1	1	1	1	0	0	0	0	0
"HEG50"	2013	1.07	1	1	0	1	0	1	0	1	1	1	1	1	1	0	1	0	0	1	1	0	1	0	0	0	0	0
"SEG01"	2013	1.39	1	1	0	1	1	1	0	0	1	1	0	0	0	1	0	0	0	0	0	1	0	1	0	1	0	0
"SEG02"	2013	1.39	1	1	0	1	1	1	1	0	0	1	0	1	0	1	0	0	0	0	0	1	0	0	0	0	0	0
"SEG03"	2013	1.39	1	1	1	0	1	1	1	0	0	0	0	1	0	1	0	0	0	0	0	1	0	0	0	1	0	0
"SEG04"	2013	0.94	1	1	1	1	0	1	0	1	0	0	0	1	0	1	0	1	0	0	1	1	0	0	0	0	0	1
"SEG05"	2013	0.98	1	1	0	1	0	0	0	1	0	0	0	1	0	1	0	0	0	0	1	1	0	1	0	1	0	0
"SEG06"	2013	1.35	1	1	0	0	1	1	0	0	0	0	0	0	0	1	0	0	0	0	0	0	0	0	0	1	0	1
"SEG07"	2013	1.65	1	1	1	1	0	1	1	0	0	1	0	1	0	1	0	0	1	0	0	0	0	0	0	0	0	0
"SEG08"	2013	2.02	1	1	0	1	1	1	0	1	0	1	0	1	1	1	0	0	0	0	0	1	0	1	0	1	0	0
"SEG09"	2013	1.92	1	1	0	0	1	1	1	0	0	0	0	1	0	1	0	0	0	0	0	0	0	0	0	1	0	1
"SEG10"	2013	1.55	1	1	0	0	0	1	0	0	1	0	0	1	0	1	0	0	0	0	0	0	0	0	0	1	0	1
"SEG11"	2013	1.45	1	1	1	1	1	1	0	1	0	1	0	1	0	1	0	0	0	0	0	1	0	1	0	1	0	0
"SEG12"	2013	1.39	1	0	1	1	1	1	1	0	0	1	0	0	0	1	0	0	0	0	0	1	0	1	0	1	0	0
"SEG13"	2013	1.7	1	1	1	0	1	1	0	1	1	0	0	1	1	0	0	1	0	1	0	1	0	1	1	0	0	0
"SEG14"	2013	1.27	1	0	1	1	0	1	0	0	0	1	0	1	0	1	0	0	0	0	0	0	0	1	0	1	0	0
"SEG15"	2013	1.39	1	1	1	1	0	1	0	1	1	1	0	1	0	1	0	0	0	0	0	1	0	1	0	1	0	0
"SEG16"	2013	1.6	1	1	1	1	0	1	0	1	0	0	0	1	0	1	0	0	0	0	1	1	1	0	0	0	0	1
"SEG17"	2013	1.44	1	1	0	0	1	1	0	0	0	0	0	0	0	1	0	1	0	0	0	0	0	1	0	1	0	1
"SEG18"	2013	1.39	0	1	0	1	0	1	0	1	1	1	0	0	1	0	0	0	1	1	1	0	0	1	0	0	0	0
"SEG19"	2013	1.08	1	1	0	0	0	1	0	0	0	1	0	1	0	1	0	0	0	0	0	0	0	0	0	1	0	1
"SEG20"	2013	1.73	1	1	0	0	1	1	1	0	0	0	0	1	0	1	0	0	0	1	0	0	0	0	0	0	0	0
"SEG21"	2013	1.7	0	1	0	1	1	1	1	0	0	0	0	1	0	1	0	0	1	1	0	0	0	0	0	0	0	0
"SEG22"	2013	2.3	1	1	1	0	1	1	0	0	0	1	0	1	1	1	0	1	0	0	0	1	0	1	0	1	0	0
"SEG23"	2013	2.32	0	1	1	0	0	1	0	0	0	0	0	1	0	0	0	0	0	0	0	1	1	1	0	0	0	1
"SEG24"	2013	0.98	1	1	0	1	0	0	0	0	1	1	0	0	0	1	0	0	0	0	1	1	1	1	0	1	0	0
"SEG25"	2013	1.39	1	1	1	1	1	1	0	0	0	0	0	1	0	1	0	0	0	1	0	0	0	1	0	0	0	0
"SEG26"	2013	2.32	1	1	0	0	1	1	0	1	0	1	0	1	0	1	0	0	0	0	0	1	0	1	0	1	0	1
"SEG27"	2013	0.98	1	1	0	0	1	0	0	0	1	0	0	0	0	1	0	0	0	0	0	0	0	1	0	1	0	1
"SEG28"	2013	1.39	0	1	0	0	0	1	0	0	0	1	0	1	0	1	0	0	0	0	1	1	0	1	0	0	0	0
"SEG29"	2013	0.98	1	1	1	1	0	1	0	1	1	1	0	0	0	1	0	0	0	0	1	1	1	1	0	1	0	0
"SEG30"	2013	1.39	1	1	0	1	1	1	1	1	1	0	0	1	0	1	0	0	1	1	0	0	1	0	0	0	0	0
"SEG31"	2013	1.39	0	1	0	1	0	0	1	1	1	0	0	1	1	0	0	0	1	1	0	0	1	0	0	0	0	0
"SEG32"	2013	1.39	0	1	0	1	0	1	1	1	1	0	0	1	1	0	0	0	1	1	0	0	1	0	0	0	0	0
"SEG33"	2013	1.48	0	0	0	0	0	0	0	0	0	0	0	0	0	0	0	0	0	0	0	0	0	0	0	0	0	0
"SEG34"	2013	1.13	1	1	1	1	1	1	1	0	0	0	0	1	1	0	0	0	1	1	1	0	0	0	0	0	0	0
"SEG35"	2013	1.57	1	1	0	1	1	1	1	0	0	0	0	1	1	0	0	0	1	1	0	0	1	0	0	0	0	0
"SEG36"	2013	1.32	1	1	1	1	1	1	1	0	0	0	0	1	1	1	0	1	1	1	0	0	0	0	0	0	0	0
"SEG37"	2013	1.93	0	1	0	1	1	1	1	0	1	0	0	1	1	0	0	0	1	1	0	0	0	1	0	0	0	0
"SEG38"	2013	1.47	0	1	0	1	1	1	1	1	0	0	0	1	0	0	0	1	1	1	0	0	0	0	0	0	0	0
"SEG39"	2013	0.93	1	1	0	1	1	1	1	0	1	0	0	0	1	0	0	0	0	1	0	0	0	0	0	0	0	0
"SEG40"	2013	1.76	1	1	1	1	1	1	1	0	0	0	0	1	0	1	0	0	1	1	0	0	0	1	0	0	0	0
"SEG41"	2013	1.96	1	1	0	1	1	1	1	0	0	0	0	1	0	0	0	0	0	1	0	0	0	0	0	0	0	0
"SEG42"	2013	2.69	1	1	0	1	1	1	1	0	0	0	0	1	1	0	0	0	0	1	0	0	0	1	0	0	0	0
"SEG43"	2013	1.62	1	1	1	1	1	1	1	0	0	0	0	1	1	0	0	0	1	1	0	0	0	0	0	0	0	0
"SEG44"	2013	1.34	1	1	1	1	1	1	1	0	0	0	0	1	1	1	0	0	1	1	0	0	0	0	0	0	0	0
"SEG45"	2013	1.54	1	1	0	1	1	1	1	0	0	0	0	1	1	1	0	0	1	1	0	0	0	1	0	0	0	0
"SEG46"	2013	2.81	1	0	0	1	1	1	1	0	0	0	0	1	0	0	0	0	1	1	0	0	0	1	0	0	0	0
"SEG47"	2013	1.6	1	1	0	1	1	1	1	0	0	0	0	1	1	1	0	0	1	1	0	0	0	0	0	0	0	0
"SEG48"	2013	1.7	0	1	0	0	0	0	1	0	0	0	0	0	0	0	0	0	0	0	0	0	0	1	0	0	0	1
"SEG49"	2013	1.17	1	1	0	1	1	1	1	0	1	0	0	1	1	1	0	1	1	1	0	0	0	0	0	0	0	0
"SEG50"	2013	0.95	0	0	0	1	1	1	1	1	1	0	0	1	0	0	0	0	1	1	0	0	0	1	0	1	0	0
"AEG01"	2014	2.4	1	1	1	1	1	1	1	1	0	0	1	0	1	0	0	1	1	0	1	1	1	1	1	0	0	0
"AEG02"	2014	3.49	1	1	0	1	0	1	0	1	0	0	1	0	1	0	0	1	0	1	0	0	1	0	0	0	0	0
"AEG03"	2014	1.37	1	1	0	1	1	1	1	0	1	1	1	0	1	0	0	1	0	1	0	1	1	0	1	0	0	0
"AEG04"	2014	1.77	1	0	1	1	1	1	1	0	0	0	0	0	1	1	0	1	1	0	1	1	0	0	0	0	0	0
"AEG05"	2014	2	1	0	1	1	1	1	1	1	0	0	1	0	1	1	0	1	0	0	1	1	1	0	0	0	0	0
"AEG06"	2014	2.27	1	1	1	1	1	1	1	1	0	1	1	0	1	1	0	1	1	1	1	1	1	0	0	0	0	0
"AEG07"	2014	0.42	0	0	0	0	1	0	0	0	0	0	0	0	1	0	1	0	0	1	0	0	0	0	0	0	1	0
"AEG08"	2014	1.17	1	1	0	1	1	1	0	0	0	1	1	0	1	0	1	0	0	1	0	0	0	0	1	0	0	0
"AEG09"	2014	0.72	0	1	0	0	1	0	0	0	0	0	0	0	1	0	1	0	0	1	0	0	0	0	0	0	1	0
"AEG10"	2014	0	0	1	0	1	1	1	0	0	1	0	1	0	1	0	1	1	0	1	1	1	1	0	1	0	0	0
"AEG11"	2014	2.22	1	1	1	1	1	1	1	0	1	0	1	0	1	0	0	1	0	1	0	1	0	1	1	0	0	0
"AEG12"	2014	2.05	1	1	1	1	1	1	1	1	0	1	1	0	1	0	0	1	1	1	1	1	1	0	1	0	0	0
"AEG13"	2014	2.34	1	1	1	1	0	1	1	1	0	0	1	0	1	0	0	1	0	1	1	1	1	0	0	0	0	0
"AEG14"	2014	2.32	1	1	1	1	1	1	1	0	0	1	1	0	1	0	0	1	0	1	1	1	1	0	0	0	0	0
"AEG15"	2014	2.68	1	1	1	1	1	1	1	0	1	0	1	0	1	0	0	1	0	1	1	0	1	0	0	0	0	0
"AEG16"	2014	1.36	1	1	1	1	1	1	1	0	1	1	1	0	1	0	0	1	1	1	1	1	1	0	0	0	0	0
"AEG17"	2014	1.63	1	1	0	1	1	1	1	0	0	1	1	0	1	0	0	1	0	1	1	1	1	0	1	0	0	0
"AEG18"	2014	2.59	1	1	1	1	1	1	1	1	0	1	1	0	1	0	0	1	1	1	1	1	1	0	0	0	0	0
"AEG19"	2014	1.69	1	0	1	1	1	1	1	1	0	1	1	0	1	1	0	1	0	0	1	1	1	0	0	0	0	0
"AEG20"	2014	0.97	0	1	0	1	1	1	1	1	1	1	1	0	1	1	0	1	0	0	0	0	1	1	0	0	0	0
"AEG21"	2014	2.16	1	0	1	1	1	1	1	0	1	0	1	0	1	1	0	1	0	1	1	1	0	0	0	0	0	0
"AEG22"	2014	1.55	1	1	0	1	1	1	0	1	1	1	1	0	1	0	1	1	0	1	0	0	1	0	1	0	0	0
"AEG23"	2014	1.34	1	1	1	1	1	1	1	0	1	1	1	0	1	0	0	1	0	1	1	1	1	0	0	0	0	0
"AEG24"	2014	2.64	1	1	1	1	1	1	0	0	0	0	1	0	0	1	0	1	1	1	1	1	0	0	0	0	0	0
"AEG25"	2014	0.56	0	1	0	1	1	1	0	0	0	0	0	0	1	0	0	0	0	1	0	0	0	1	0	0	0	0
"AEG26"	2014	1.31	0	0	0	0	1	0	0	0	0	0	0	0	1	0	1	0	0	1	0	0	0	0	0	0	1	0
"AEG27"	2014	1.14	0	0	0	0	1	0	0	0	0	0	0	0	1	0	1	0	0	1	0	0	0	0	0	0	1	0
"AEG28"	2014	1.2	1	1	0	1	1	1	1	0	1	0	1	0	1	0	1	1	0	1	0	0	0	0	1	0	1	0
"AEG29"	2014	1.27	0	1	0	1	1	1	0	1	1	1	1	0	1	0	1	1	0	1	1	0	1	1	1	0	0	0
"AEG30"	2014	1.62	1	1	1	1	1	1	0	1	1	1	1	0	1	0	0	1	0	1	1	1	1	1	1	0	0	0
"AEG31"	2014	1.3	1	1	0	1	1	0	0	1	1	0	1	0	1	0	1	1	0	1	1	1	1	1	1	0	0	0
"AEG32"	2014	0.79	1	1	0	1	1	0	0	0	1	1	1	0	1	0	0	1	0	1	0	0	1	1	1	0	0	0
"AEG33"	2014	1.06	0	1	0	1	1	1	1	0	1	1	1	0	1	0	0	1	1	1	0	0	0	0	1	0	0	0
"AEG34"	2014	1.54	1	1	0	1	1	1	1	0	1	1	1	0	1	0	0	1	1	1	0	0	1	1	0	0	0	0
"AEG35"	2014	2.42	0	0	1	1	1	1	1	1	1	1	1	0	1	0	0	1	0	1	0	0	1	1	0	0	0	0
"AEG36"	2014	2.42	0	1	1	1	1	1	1	1	1	0	1	0	1	0	0	1	0	1	1	0	1	1	1	0	0	0
"AEG37"	2014	1.82	1	0	1	1	1	1	1	0	0	0	1	0	1	0	0	1	1	0	1	1	1	0	0	0	0	0
"AEG38"	2014	1.34	1	1	1	1	1	1	1	0	1	1	1	0	1	0	0	1	0	1	0	0	1	1	1	0	0	0
"AEG39"	2014	1.82	1	0	1	1	1	1	1	0	0	1	1	0	1	0	0	1	1	1	1	1	1	0	0	0	0	0
"AEG40"	2014	1.71	1	1	0	1	0	1	1	0	0	0	1	0	1	0	0	1	0	1	1	1	1	0	0	0	0	0
"AEG41"	2014	2.52	1	0	1	1	1	1	1	1	0	1	1	0	1	0	0	1	1	1	1	1	1	0	0	0	0	0
"AEG42"	2014	2.13	1	1	1	1	1	1	1	1	1	0	1	0	1	1	0	1	0	1	1	1	1	0	0	0	0	0
"AEG43"	2014	1.34	0	0	0	0	0	0	0	0	0	0	0	0	0	0	0	0	0	0	0	0	0	0	0	0	0	0
"AEG44"	2014	1.33	1	1	1	1	1	1	0	1	1	1	1	0	1	0	0	1	1	1	1	1	1	0	0	0	0	0
"AEG45"	2014	1.56	1	0	1	1	1	1	1	0	0	1	1	0	1	0	0	1	1	0	1	1	0	0	0	0	0	0
"AEG46"	2014	1.48	1	1	1	1	1	1	1	1	1	1	1	0	1	1	0	1	0	0	1	0	0	0	0	0	0	0
"AEG47"	2014	0.84	0	1	0	0	1	0	0	0	0	0	0	0	1	0	1	0	0	1	0	0	0	0	0	0	1	0
"AEG48"	2014	0.7	0	0	0	0	0	0	0	0	0	0	0	0	1	0	1	0	0	1	0	0	0	0	0	0	1	0
"AEG49"	2014	1.09	0	1	0	1	1	1	1	0	1	1	1	0	1	0	0	1	0	1	0	0	1	1	1	0	0	0
"AEG50"	2014	1.45	0	0	0	0	0	0	0	0	0	0	0	0	0	0	0	0	0	0	0	0	0	0	0	0	0	0
"HEG01"	2014	2.88	1	1	0	1	1	1	1	0	0	1	0	1	0	0	0	0	0	1	0	0	0	0	0	0	0	0
"HEG02"	2014	1.03	0	1	0	0	0	1	1	0	0	0	0	0	0	0	0	0	0	0	0	0	0	0	0	0	0	0
"HEG03"	2014	3.01	0	1	1	1	1	1	1	0	0	1	0	1	1	1	0	0	0	0	0	0	0	0	0	0	0	0
"HEG04"	2014	3.64	1	1	1	0	1	1	1	0	0	1	0	1	0	0	0	0	0	0	0	0	0	0	0	0	0	0
"HEG05"	2014	2.42	1	1	0	1	1	1	1	0	1	1	0	1	1	1	0	0	0	1	0	1	0	0	0	0	0	0
"HEG06"	2014	2.27	1	1	0	1	1	1	1	1	0	1	1	1	1	0	0	0	0	1	0	1	0	1	0	0	0	0
"HEG07"	2014	1.31	1	1	1	1	1	1	1	1	0	1	0	1	1	1	0	0	1	1	1	0	0	0	0	0	0	0
"HEG08"	2014	1.31	1	1	1	1	1	1	1	1	0	1	1	1	1	1	0	0	1	1	1	0	1	0	0	0	0	0
"HEG09"	2014	0.92	1	1	0	1	1	1	0	1	1	0	1	0	1	0	0	1	0	1	0	0	1	1	1	0	1	0
"HEG10"	2014	1.47	1	1	1	1	1	1	0	1	1	1	0	0	1	1	0	0	0	0	0	0	1	0	0	0	0	0
"HEG11"	2014	1.11	1	1	0	1	1	0	0	1	1	1	1	1	1	0	1	0	1	1	0	0	1	0	0	0	0	0
"HEG12"	2014	3.86	1	1	1	1	1	1	1	0	0	1	0	0	0	1	0	0	1	0	0	0	0	0	0	0	0	0
"HEG13"	2014	1.42	1	1	0	1	1	1	1	0	0	1	0	1	1	1	0	0	0	1	0	0	1	0	0	0	0	0
"HEG14"	2014	2.07	1	1	1	1	0	0	0	1	0	1	1	1	1	0	1	0	0	1	1	1	1	0	0	0	0	0
"HEG15"	2014	2.11	1	1	1	1	1	1	1	1	0	1	1	1	1	0	0	0	0	1	1	1	1	0	0	0	0	0
"HEG16"	2014	1.04	1	1	1	1	1	1	1	0	0	1	1	1	1	1	0	1	1	1	0	0	0	0	0	0	0	0
"HEG17"	2014	0.89	1	1	1	1	1	1	0	1	1	1	1	1	1	0	0	1	0	1	0	0	1	1	0	0	0	0
"HEG18"	2014	0.57	0	1	0	1	1	1	0	1	1	1	1	0	1	0	1	0	0	1	0	0	1	0	1	0	1	0
"HEG19"	2014	0.89	1	1	1	1	1	1	0	1	1	1	1	1	1	1	0	1	0	0	0	0	1	1	1	0	0	0
"HEG20"	2014	1.08	1	1	0	1	1	1	0	1	1	1	1	0	1	1	0	1	0	1	1	0	1	1	0	0	0	0
"HEG21"	2014	0.57	1	1	0	1	1	1	0	1	1	1	1	1	0	0	0	0	0	1	0	0	1	0	0	0	0	0
"HEG22"	2014	2.09	1	1	1	1	1	1	1	0	0	1	0	0	1	1	0	0	0	0	1	1	1	0	0	0	0	0
"HEG23"	2014	0.95	0	1	0	1	1	1	1	1	1	1	1	0	1	1	0	1	1	1	0	0	1	0	0	0	0	0
"HEG24"	2014	1.19	1	1	1	1	1	1	1	1	0	1	1	1	1	1	0	0	0	1	1	1	1	0	0	0	0	0
"HEG25"	2014	1.11	1	1	1	1	1	1	0	1	1	1	1	0	1	0	0	0	0	1	1	0	1	0	1	0	0	0
"HEG26"	2014	2.06	1	1	1	1	0	1	0	1	0	1	0	1	0	0	0	0	0	0	1	0	1	0	0	0	0	0
"HEG27"	2014	1.92	1	1	1	1	1	1	0	1	1	1	0	0	1	0	1	0	1	1	0	0	1	0	1	0	0	0
"HEG28"	2014	1.34	1	1	1	1	1	1	1	0	1	1	0	1	1	0	0	0	1	1	0	1	1	0	0	0	0	0
"HEG29"	2014	1.48	0	1	0	1	1	1	1	0	1	1	0	1	1	0	0	0	0	1	0	0	1	0	0	0	0	0
"HEG30"	2014	2.3	0	1	0	1	0	1	0	0	1	1	0	1	1	0	0	0	0	0	0	0	1	1	0	0	1	0
"HEG31"	2014	2.11	1	1	0	1	1	1	0	1	1	1	1	1	0	1	0	0	0	1	1	1	1	0	0	0	0	0
"HEG32"	2014	1.88	1	1	1	1	1	1	0	0	0	0	0	0	0	0	0	0	0	1	0	0	0	0	0	0	0	0
"HEG33"	2014	1.57	1	1	1	1	1	1	1	0	1	1	1	1	1	0	0	0	0	0	0	0	1	0	0	0	0	0
"HEG34"	2014	2.44	1	1	0	1	1	1	1	0	0	1	0	1	1	1	0	0	0	1	0	0	0	0	0	0	0	0
"HEG35"	2014	2.97	1	1	1	1	1	1	1	0	0	1	0	1	1	0	0	0	1	1	1	0	0	0	0	0	0	0
"HEG36"	2014	2.87	0	1	0	1	0	1	1	1	1	1	1	1	0	0	0	0	1	0	0	0	0	0	0	0	0	0
"HEG37"	2014	2.79	0	1	0	1	1	1	1	0	0	1	1	1	1	0	0	0	1	1	1	1	0	0	0	0	0	0
"HEG38"	2014	2.08	1	1	0	1	1	1	1	0	0	1	0	0	1	0	0	1	1	1	0	0	1	0	0	0	1	0
"HEG39"	2014	1.29	1	0	1	1	1	1	0	0	0	1	0	1	0	1	0	1	0	1	0	1	1	0	0	0	0	0
"HEG40"	2014	1.57	1	1	1	1	1	1	1	0	0	1	0	1	1	1	0	1	1	1	1	0	0	0	0	0	0	0
"HEG41"	2014	1.08	0	1	0	1	1	1	0	1	1	1	1	0	1	0	1	0	0	1	0	0	1	0	1	0	1	0
"HEG42"	2014	1.04	0	1	0	1	1	1	0	1	1	1	1	1	1	0	0	1	0	1	0	0	1	1	1	0	1	0
"HEG43"	2014	0.82	0	1	0	1	1	1	0	1	1	1	1	1	1	0	1	0	1	1	0	0	1	0	1	0	1	0
"HEG44"	2014	1.41	0	1	0	1	1	1	0	1	1	1	1	1	0	0	0	0	1	1	0	0	1	0	1	0	0	0
"HEG45"	2014	0.65	1	1	0	1	1	1	0	1	1	1	1	1	1	0	1	0	1	1	0	0	1	0	1	0	0	0
"HEG46"	2014	1.18	0	1	0	0	1	0	0	0	1	1	1	0	1	0	0	0	0	0	0	0	1	0	0	0	1	0
"HEG47"	2014	2.19	1	1	1	1	1	1	1	1	0	0	1	0	1	1	0	1	1	1	1	1	1	0	0	0	0	0
"HEG48"	2014	2.27	1	1	0	1	1	1	0	1	0	1	1	1	1	0	0	0	0	1	0	0	0	0	0	0	0	0
"HEG49"	2014	2.27	1	1	1	1	1	1	1	1	1	1	0	1	1	1	0	0	1	1	1	1	1	0	0	0	0	0
"HEG50"	2014	1.06	0	1	1	1	1	1	0	1	1	1	1	1	1	0	1	0	1	1	1	0	1	0	0	0	0	0
"SEG01"	2014	0.95	1	1	0	1	1	1	1	0	1	1	0	0	0	1	0	0	0	0	0	1	0	1	0	1	0	0
"SEG02"	2014	1.35	1	1	0	1	1	1	1	0	0	1	0	1	0	1	0	0	0	0	0	1	0	0	0	0	0	0
"SEG03"	2014	1.37	1	1	1	0	1	1	1	0	0	0	0	1	1	1	0	0	0	0	0	1	0	0	0	0	0	0
"SEG04"	2014	1.23	1	0	1	1	0	1	0	1	0	0	0	1	0	1	0	1	0	0	1	1	0	1	0	0	0	1
"SEG05"	2014	0	1	1	0	1	0	1	0	1	0	1	0	1	0	1	0	0	0	0	0	1	0	1	0	1	0	0
"SEG06"	2014	1.39	1	1	0	0	1	1	0	0	0	0	0	1	0	1	0	0	0	1	0	0	0	0	0	1	0	1
"SEG07"	2014	1.21	1	1	1	1	0	1	1	0	0	0	0	1	0	1	0	0	1	0	0	0	0	0	0	0	0	0
"SEG08"	2014	2.67	1	1	1	0	1	1	0	1	0	1	0	1	1	1	0	0	0	0	1	1	0	1	0	1	0	0
"SEG09"	2014	2.15	1	1	0	1	1	1	1	0	0	0	0	1	0	1	0	0	0	0	0	1	0	0	0	1	0	1
"SEG10"	2014	1.37	1	1	0	0	0	1	0	0	1	0	0	1	0	1	0	0	0	0	0	1	0	0	0	1	0	1
"SEG11"	2014	0.99	1	1	1	1	1	1	0	1	0	1	0	1	0	1	0	0	0	0	0	1	0	1	0	1	0	0
"SEG12"	2014	0.95	1	1	1	1	1	1	1	0	0	1	0	0	0	1	0	0	0	0	0	1	0	1	0	1	0	0
"SEG13"	2014	1.04	1	1	1	1	1	1	0	1	1	0	1	1	1	0	0	1	0	1	0	1	0	1	1	0	0	0
"SEG14"	2014	1.29	1	0	1	1	0	1	0	0	0	1	0	1	0	1	0	0	0	0	0	1	0	1	0	1	0	0
"SEG15"	2014	0.95	1	1	1	1	0	1	0	0	1	1	0	1	0	1	0	0	0	0	0	1	0	1	0	1	0	1
"SEG16"	2014	0.95	1	1	1	1	0	1	0	1	0	0	0	1	0	1	0	0	0	0	1	1	0	0	0	0	0	1
"SEG17"	2014	1.07	1	1	0	0	0	1	0	0	0	0	0	0	0	1	0	1	0	0	0	0	0	1	0	1	0	1
"SEG18"	2014	1.34	0	1	0	1	0	1	0	1	1	1	0	0	1	0	0	0	1	1	0	0	0	1	0	0	0	0
"SEG19"	2014	1.52	1	1	0	1	1	1	0	0	1	1	0	1	0	1	0	0	0	0	1	0	0	0	0	1	0	1
"SEG20"	2014	1.92	1	1	0	0	1	1	1	0	0	0	0	1	0	1	0	0	0	1	0	0	0	0	0	1	0	0
"SEG21"	2014	1.74	0	1	0	1	1	1	1	0	0	0	0	1	0	1	0	0	1	1	0	0	0	0	0	0	0	0
"SEG22"	2014	1.7	1	1	1	0	1	1	0	0	0	1	0	1	1	1	0	1	0	0	0	1	0	1	0	1	0	0
"SEG23"	2014	2.36	0	1	1	0	0	1	0	0	0	0	0	1	0	0	0	0	0	0	0	1	1	1	0	0	0	1
"SEG24"	2014	0.95	1	1	0	1	0	1	0	0	1	1	0	1	0	1	0	0	0	0	1	1	1	1	0	1	0	0
"SEG25"	2014	1.34	1	1	1	0	1	1	0	0	0	0	0	1	0	1	0	0	1	1	0	0	0	1	0	0	0	0
"SEG26"	2014	2.36	1	1	0	0	1	1	0	1	0	1	0	1	0	1	0	0	0	0	0	1	0	1	0	1	0	1
"SEG27"	2014	0.95	1	1	0	1	1	1	0	0	1	0	0	0	0	1	0	0	0	0	0	0	0	1	0	1	0	0
"SEG28"	2014	0.95	1	1	0	0	0	1	0	0	0	1	0	1	0	1	0	0	0	0	1	1	0	1	0	0	0	0
"SEG29"	2014	0.95	1	1	1	1	0	1	0	1	1	1	0	0	0	1	0	0	0	0	1	1	1	1	0	1	0	0
"SEG30"	2014	1.34	1	1	1	1	1	1	0	1	1	1	0	1	0	0	0	0	1	1	0	0	1	0	0	0	0	0
"SEG31"	2014	1.34	0	1	0	1	1	1	1	1	1	1	0	1	1	0	0	0	0	1	0	0	1	0	0	0	0	0
"SEG32"	2014	1.34	0	1	0	1	1	1	1	1	1	0	0	1	1	0	0	0	1	1	0	0	1	0	0	0	0	0
"SEG33"	2014	1.9	1	1	0	1	1	1	1	0	0	0	0	1	1	0	0	1	1	1	1	0	0	1	0	0	0	0
"SEG34"	2014	1.6	1	1	1	1	1	1	1	0	0	0	0	1	1	0	0	0	1	1	1	0	0	0	0	0	0	0
"SEG35"	2014	1.25	1	1	0	1	1	1	1	0	0	0	0	1	1	0	0	0	1	1	0	0	1	0	0	0	0	0
"SEG36"	2014	1.29	1	1	1	1	1	1	1	0	0	0	0	1	1	1	0	1	1	1	0	0	0	0	0	0	0	0
"SEG37"	2014	1.47	1	1	0	1	1	1	1	1	1	0	0	1	1	1	0	0	1	1	0	0	0	1	0	0	0	0
"SEG38"	2014	1.7	0	1	1	1	1	1	1	0	0	0	0	1	1	0	0	0	1	1	0	0	0	0	0	0	0	0
"SEG39"	2014	1.34	1	1	0	1	1	1	1	0	1	0	0	1	1	1	0	0	1	1	0	0	0	0	0	0	0	0
"SEG40"	2014	2.02	1	1	1	1	1	1	1	0	0	0	0	1	1	1	0	0	1	1	0	0	0	1	0	0	0	0
"SEG41"	2014	1.77	1	1	0	1	1	1	1	0	0	0	0	1	0	0	0	0	0	1	0	0	0	0	0	0	0	0
"SEG42"	2014	2.01	1	1	0	1	1	1	1	0	0	0	0	1	1	0	0	0	1	1	0	0	0	1	0	0	0	0
"SEG43"	2014	1.72	1	1	1	1	1	1	1	0	0	0	0	1	1	1	0	0	1	1	0	0	0	0	0	0	0	0
"SEG44"	2014	2.21	1	1	1	1	1	1	1	0	0	0	0	1	1	1	0	0	1	1	0	0	0	0	0	0	0	0
"SEG45"	2014	1.48	1	1	0	1	1	1	1	0	0	0	0	1	1	1	0	0	1	1	0	0	0	1	0	0	0	0
"SEG46"	2014	1.78	0	1	0	1	1	1	1	0	0	0	0	1	0	0	0	0	1	1	0	0	0	0	0	0	0	0
"SEG47"	2014	1.6	1	1	0	1	1	1	1	0	0	0	0	1	1	1	0	0	1	1	0	0	0	0	0	0	0	0
"SEG48"	2014	1.91	0	1	0	1	1	1	1	0	1	0	0	1	0	1	0	0	1	1	0	0	0	1	0	0	0	0
"SEG49"	2014	1.56	1	1	0	1	1	1	1	0	0	0	0	1	1	1	0	0	1	1	0	0	0	0	0	0	0	0
"SEG50"	2014	1.52	0	1	0	1	1	1	1	1	1	0	0	1	0	0	0	0	1	1	0	0	0	1	0	1	0	0
"HEG01"	2015	3.29	1	1	1	1	1	1	1	0	0	1	0	1	0	0	0	0	0	0	0	0	0	0	0	0	0	0
"HEG02"	2015	3.04	1	1	0	0	1	1	1	0	0	1	0	0	0	0	0	0	0	1	0	0	0	0	0	0	0	0
"HEG03"	2015	3.04	1	1	1	1	1	1	1	0	0	1	0	1	0	1	0	0	0	0	0	0	0	0	0	0	0	0
"HEG04"	2015	3.22	1	1	1	0	1	1	1	0	0	1	0	1	0	0	0	0	0	1	0	0	0	0	0	0	0	0
"HEG05"	2015	3.28	1	1	0	1	1	1	1	0	1	1	0	1	0	1	0	0	0	1	0	1	0	0	0	0	0	0
"HEG06"	2015	1.55	1	1	1	1	1	1	1	1	0	1	1	1	1	0	0	0	1	1	0	1	0	1	0	0	0	0
"HEG07"	2015	1.6	1	1	1	1	1	1	1	0	0	1	0	1	1	0	0	0	1	1	1	0	0	0	0	0	0	0
"HEG08"	2015	1.6	1	1	1	1	1	1	1	0	0	1	1	1	1	1	0	0	1	1	1	0	1	0	0	0	0	0
"HEG09"	2015	0.82	1	1	0	1	1	1	0	1	1	1	1	0	1	0	0	1	0	1	1	0	1	1	1	0	1	0
"HEG10"	2015	2.63	1	1	1	1	1	1	0	1	1	1	1	0	1	0	0	0	1	1	0	0	1	0	0	0	0	0
"HEG11"	2015	1.09	0	1	1	1	0	0	0	1	1	1	1	1	0	0	1	0	1	1	0	0	1	0	0	0	0	0
"HEG12"	2015	2.5	1	1	0	1	1	1	1	0	1	1	0	0	1	1	0	1	1	0	0	0	0	0	0	0	0	0
"HEG13"	2015	1.78	1	1	0	1	1	1	1	0	0	0	0	1	1	1	0	0	0	1	0	0	1	0	0	0	0	0
"HEG14"	2015	2.29	1	1	1	1	1	1	0	1	1	1	1	0	1	0	0	0	1	1	1	0	1	0	0	0	0	0
"HEG15"	2015	2.49	1	1	1	1	1	1	1	1	0	1	1	1	1	0	0	0	0	1	1	1	1	0	0	0	0	0
"HEG16"	2015	1.21	1	1	0	1	1	1	1	0	0	1	0	1	1	1	0	1	1	1	0	0	0	0	0	0	0	0
"HEG17"	2015	1.19	0	1	1	1	1	1	0	1	1	1	1	0	1	0	0	1	0	1	0	0	1	1	0	0	0	0
"HEG18"	2015	0.5	0	1	0	1	1	1	0	1	1	1	1	0	1	0	1	0	0	1	0	0	1	0	0	0	1	0
"HEG19"	2015	0.48	1	1	1	1	1	0	0	1	1	1	1	0	1	1	0	1	0	0	0	0	1	1	0	0	0	0
"HEG20"	2015	0.82	1	1	0	1	1	1	0	1	1	1	1	1	1	1	0	1	0	1	0	0	1	1	1	0	0	0
"HEG21"	2015	0.55	0	1	0	1	1	1	0	1	1	1	1	1	0	0	0	0	1	1	0	0	1	0	0	0	0	0
"HEG22"	2015	1.58	1	1	1	1	1	1	1	0	0	1	0	0	1	1	0	0	0	1	1	1	0	0	0	0	0	0
"HEG23"	2015	1.09	0	1	0	1	0	1	1	1	1	1	1	0	1	1	0	1	1	1	0	0	1	1	0	0	0	0
"HEG24"	2015	1.21	1	1	1	1	1	1	1	0	0	1	0	1	1	1	0	0	0	1	1	1	1	0	0	0	0	0
"HEG25"	2015	1.19	0	1	1	1	0	1	0	1	1	1	1	1	1	0	0	1	0	1	1	0	1	0	1	0	0	0
"HEG26"	2015	1.54	1	1	1	1	0	1	0	1	1	1	0	0	0	0	0	1	0	0	1	1	1	0	0	0	0	0
"HEG27"	2015	2.14	1	1	1	1	0	1	0	0	1	1	1	0	1	0	1	0	1	1	0	0	1	0	1	0	0	0
"HEG28"	2015	1.19	0	1	1	1	1	1	1	0	0	1	0	1	1	0	0	0	0	1	0	1	1	1	0	0	0	0
"HEG29"	2015	1.19	0	1	0	1	1	1	1	0	1	1	0	1	1	0	0	0	0	1	0	0	1	1	0	0	0	0
"HEG30"	2015	3.4	0	1	0	1	1	1	0	0	1	1	1	1	1	0	0	0	1	1	0	0	1	0	0	0	0	0
"HEG31"	2015	1.3	1	1	0	1	1	1	0	1	1	1	1	1	1	1	0	0	0	1	1	1	1	0	0	0	0	0
"HEG32"	2015	2.17	1	1	1	1	1	1	0	0	0	0	0	0	0	0	0	0	1	1	0	0	0	0	0	0	0	0
"HEG33"	2015	1.31	1	1	1	1	1	1	1	1	1	0	1	1	0	0	0	0	0	0	1	0	1	0	0	0	0	0
"HEG34"	2015	2.45	1	1	1	1	1	1	1	0	0	1	0	0	1	1	0	0	0	1	0	0	0	0	0	0	0	0
"HEG35"	2015	2.83	1	1	1	1	1	1	1	0	0	1	0	1	0	0	0	0	1	1	1	0	0	0	0	0	0	0
"HEG36"	2015	0.84	0	1	1	1	1	1	1	0	1	1	1	1	1	0	0	0	1	1	0	0	0	0	0	0	0	0
"HEG37"	2015	2.93	1	1	1	1	0	1	1	1	0	1	1	1	0	0	0	0	1	0	0	0	0	0	0	0	0	0
"HEG38"	2015	1.48	1	1	0	1	1	1	1	1	0	1	1	0	1	0	0	1	1	1	0	0	1	0	0	0	1	0
"HEG39"	2015	1.64	1	0	1	1	0	1	0	0	0	1	0	1	0	1	0	1	0	0	0	1	1	0	0	0	0	0
"HEG40"	2015	1.07	1	1	1	1	1	1	1	0	0	1	0	1	1	1	0	1	1	1	1	0	0	0	0	0	0	0
"HEG41"	2015	0.82	0	1	1	1	1	1	0	1	1	1	1	0	1	0	1	0	0	1	0	0	1	1	1	0	1	0
"HEG42"	2015	0.22	0	1	1	1	1	1	0	1	1	1	1	1	1	0	0	1	0	1	0	0	1	1	1	0	0	0
"HEG43"	2015	1.29	0	1	1	0	1	1	0	1	1	1	1	1	1	0	1	0	0	1	0	0	1	0	1	0	1	0
"HEG44"	2015	1.28	0	1	1	1	1	1	0	1	1	1	1	1	1	0	0	0	1	1	0	0	1	0	1	0	0	0
"HEG45"	2015	0.85	0	1	0	1	1	1	0	1	1	1	1	0	1	0	1	0	1	1	0	0	1	0	1	0	0	0
"HEG46"	2015	1.34	0	1	0	0	1	1	0	0	1	1	0	0	0	0	0	0	1	0	0	0	1	0	0	0	1	0
"HEG47"	2015	1.45	1	1	1	1	1	1	1	1	0	0	1	0	1	0	0	1	1	1	1	1	1	0	0	0	0	0
"HEG48"	2015	1.57	1	1	1	1	1	1	0	1	0	1	1	1	1	0	0	1	0	1	0	0	0	0	0	0	0	0
"HEG49"	2015	1.54	1	1	1	1	0	1	1	1	1	1	1	1	1	1	0	0	0	1	1	1	1	0	0	0	0	0
"HEG50"	2015	2.92	1	1	1	1	1	1	0	1	1	1	1	1	1	0	1	0	1	1	1	0	1	0	0	0	0	0
"SEG01"	2015	1.09	1	1	0	1	0	1	0	0	1	1	0	0	0	1	0	0	0	0	0	0	0	1	0	1	0	0
"SEG02"	2015	1.35	1	0	0	1	1	1	1	0	0	1	0	1	0	1	0	0	0	0	0	1	0	0	0	0	0	0
"SEG03"	2015	1.48	1	1	1	0	1	1	0	0	0	0	0	1	0	1	0	0	0	0	0	1	0	0	0	1	0	1
"SEG04"	2015	1.09	1	1	1	1	0	1	0	1	0	1	0	1	0	1	0	1	0	0	1	1	1	1	0	0	0	1
"SEG05"	2015	1.09	1	1	0	1	0	1	0	1	0	1	0	1	0	0	0	0	0	0	0	0	0	1	0	1	0	0
"SEG06"	2015	1.23	1	1	0	0	1	1	0	0	0	0	0	1	0	1	0	0	0	1	0	0	0	0	0	1	0	1
"SEG07"	2015	1.38	1	1	1	1	0	1	1	0	0	0	0	1	0	1	0	0	1	0	0	0	0	0	0	0	0	0
"SEG08"	2015	1.56	1	1	1	1	1	1	1	1	0	1	0	1	1	1	0	0	0	0	0	1	0	1	0	1	0	0
"SEG09"	2015	1.64	1	1	0	1	1	1	1	0	0	0	0	1	0	1	0	0	0	0	0	0	0	0	0	1	0	1
"SEG10"	2015	1.49	1	1	0	0	0	1	0	0	1	0	0	1	0	1	0	0	0	0	0	0	0	0	0	1	0	1
"SEG11"	2015	0.92	1	1	1	1	1	1	0	1	0	1	0	1	0	1	0	0	0	0	0	1	0	1	0	1	0	0
"SEG12"	2015	1.09	1	1	1	1	0	1	0	0	0	1	0	0	0	1	0	0	0	0	0	0	0	1	0	1	0	0
"SEG13"	2015	0.93	1	1	1	1	1	1	1	1	1	0	1	0	1	0	0	1	1	1	0	1	0	1	1	0	0	0
"SEG14"	2015	1.21	1	1	1	1	0	1	1	1	0	1	0	1	0	1	0	0	1	0	0	1	0	1	0	0	0	0
"SEG15"	2015	1.09	1	1	1	1	0	1	0	1	1	1	0	0	0	1	0	0	0	0	0	1	0	1	0	1	0	1
"SEG16"	2015	0.87	1	1	1	1	0	1	0	1	0	0	0	1	0	1	0	0	0	0	1	1	0	0	0	0	0	1
"SEG17"	2015	1.61	1	1	0	0	1	1	0	0	0	0	0	0	0	1	0	1	0	0	0	0	0	1	0	1	0	1
"SEG18"	2015	1.54	0	1	0	1	0	1	0	1	1	0	0	0	0	0	0	0	1	1	0	0	0	1	0	0	0	0
"SEG19"	2015	1.27	1	1	1	1	1	1	0	0	1	1	0	1	0	1	0	0	0	0	0	0	0	0	0	1	0	1
"SEG20"	2015	1.86	1	1	0	0	1	1	1	0	0	0	0	1	0	1	0	0	0	1	0	0	0	0	0	1	0	0
"SEG21"	2015	1.92	0	1	0	1	1	1	1	0	0	0	0	1	0	1	0	0	1	1	0	0	0	0	0	0	0	0
"SEG22"	2015	1.26	1	1	1	0	1	1	0	0	0	1	0	1	1	1	0	1	0	0	0	1	0	1	0	1	0	0
"SEG23"	2015	1.54	0	1	1	0	0	1	0	0	0	0	0	1	0	0	0	0	0	0	0	1	1	1	0	0	0	1
"SEG24"	2015	1.09	1	1	0	1	0	1	0	0	1	1	0	1	0	1	0	0	0	0	0	1	1	1	0	1	0	0
"SEG25"	2015	1.54	1	1	1	0	1	1	0	0	0	0	0	1	0	0	0	0	1	1	0	0	0	1	0	0	0	0
"SEG26"	2015	1.54	1	1	0	0	1	1	0	1	1	1	0	1	0	1	0	0	0	0	0	1	1	1	0	1	0	1
"SEG27"	2015	1.54	1	1	0	0	0	1	0	0	1	0	0	0	0	1	0	0	0	0	0	0	0	1	0	1	0	1
"SEG28"	2015	1.09	1	1	0	0	0	1	0	0	0	1	0	1	0	1	0	0	0	0	0	0	0	1	0	0	0	1
"SEG29"	2015	1.09	1	1	1	1	0	1	0	1	1	1	0	0	0	1	0	0	0	0	0	1	1	1	0	1	0	1
"SEG30"	2015	1.54	1	1	1	1	1	1	0	1	1	1	0	1	0	0	0	0	1	1	0	1	1	1	0	0	0	0
"SEG31"	2015	1.54	0	1	1	1	0	1	1	1	1	1	1	1	1	0	0	0	0	1	0	0	1	0	0	0	0	0
"SEG32"	2015	1.54	1	1	0	1	1	1	0	1	1	0	0	1	1	0	0	0	1	1	0	0	1	0	0	0	0	0
"SEG33"	2015	1.5	1	1	0	1	1	1	1	0	0	0	0	1	1	0	0	1	1	1	1	0	0	1	0	0	0	0
"SEG34"	2015	0.95	0	1	1	1	1	1	1	0	0	0	0	1	1	0	0	0	1	1	1	0	1	0	0	0	0	0
"SEG35"	2015	0.92	1	1	0	1	1	1	1	0	0	0	0	1	1	0	0	0	1	1	0	0	1	0	0	0	0	0
"SEG36"	2015	1.19	1	1	1	1	1	1	1	0	0	0	0	1	1	1	0	1	1	1	0	0	0	1	0	0	0	0
"SEG37"	2015	1.44	1	1	0	1	1	1	1	1	1	0	0	1	1	0	0	0	1	1	0	0	0	1	0	0	0	0
"SEG38"	2015	2.24	0	1	1	1	1	1	1	0	1	0	0	1	1	0	0	0	1	1	0	0	0	1	0	0	0	0
"SEG39"	2015	1.14	1	1	0	1	1	1	1	0	1	0	0	1	1	0	0	0	1	1	0	0	0	0	0	0	0	0
"SEG40"	2015	2.15	1	1	1	1	1	1	1	0	0	1	0	1	1	0	0	0	1	1	0	1	0	1	0	0	0	0
"SEG41"	2015	2.82	1	1	0	1	1	1	1	0	0	0	0	1	0	1	0	0	0	1	0	0	0	0	0	0	0	0
"SEG42"	2015	1.15	1	1	0	1	1	1	1	0	0	0	0	1	1	0	0	0	1	1	0	0	0	1	0	0	0	0
"SEG43"	2015	3.01	1	1	1	1	1	1	1	0	0	0	0	1	1	0	0	0	1	1	0	0	0	0	0	0	0	0
"SEG44"	2015	2.49	1	1	1	1	1	1	1	0	0	0	0	1	1	1	0	0	1	1	0	0	0	0	0	0	0	0
"SEG45"	2015	1.47	1	1	0	1	1	1	1	0	0	0	0	1	1	1	0	0	1	1	0	0	0	1	0	0	0	0
"SEG46"	2015	2.54	0	1	0	1	1	1	1	0	0	0	0	1	1	0	0	0	1	1	0	0	0	0	0	0	0	0
"SEG47"	2015	1.43	1	1	0	1	1	1	1	0	0	0	0	1	1	1	0	1	1	1	0	0	0	0	0	0	0	0
"SEG48"	2015	2.05	0	1	0	1	1	1	1	0	1	0	0	1	0	1	0	0	1	1	0	0	0	1	0	0	0	0
"SEG49"	2015	1.2	1	1	0	1	1	1	1	0	0	0	0	1	1	1	0	0	1	1	0	0	0	1	0	0	0	0
"SEG50"	2015	1.07	1	1	0	1	1	1	1	1	1	0	0	1	1	0	0	0	1	1	0	0	0	1	0	1	0	0
