"Omega"	"theta"	"feasibility"	"treatment"	"combos"
1.09411349906208	178.590110690896	0	0.5	"Poa_tri_Alo_pra"
0.783338440684955	178.634879921479	0	0.5	"Poa_tri_Arr_ela"
1.0666868541413	172.562818645419	0	0.5	"Poa_tri_Tri_pra"
1.05973619983924	141.806055882915	0	0.5	"Poa_tri_Ran_rep"
0.928230055245722	164.954062096205	0	0.5	"Poa_tri_Bro_ere"
1.21603305805613	151.881559751135	0	0.5	"Poa_tri_Ran_acr"
0.781001548953739	165.462738928744	0	0.5	"Poa_tri_Pla_lan"
0.910585398539993	138.45376620495	0	0.5	"Poa_tri_Ach_mil"
0.463825362440333	173.197536945868	0	0.5	"Poa_tri_Ant_syl"
1.51792191673243	123.600995694602	0	0.5	"Poa_tri_Her_sph"
0.721151055940996	163.067673124692	0	0.5	"Poa_tri_Hel_pub"
0.909480761656149	178.716581853418	0	0.5	"Poa_tri_Bra_pin"
1.08055407338286	163.819789186378	0	0.5	"Alo_pra_Arr_ela"
0.875856141588678	175.244123012324	0	0.5	"Alo_pra_Tri_pra"
1.19919901160132	131.960167279903	0	0.5	"Alo_pra_Ran_rep"
0.934906528416395	170.085033543372	0	0.5	"Alo_pra_Bro_ere"
1.20540203915149	149.59422538178	0	0.5	"Alo_pra_Ran_acr"
1.17137554893624	147.217962661119	0	0.5	"Alo_pra_Pla_lan"
1.10831788836548	132.367138989778	0	0.5	"Alo_pra_Ach_mil"
0.859892919914681	164.962023612505	0	0.5	"Alo_pra_Ant_syl"
0.245499085718564	178.581276619105	0	0.5	"Alo_pra_Her_sph"
0.551874750402139	159.195750668521	0	0.5	"Alo_pra_Hel_pub"
0.952403981931864	174.99041673301	0	0.5	"Alo_pra_Bra_pin"
0.820929485289165	147.196374138179	0	0.5	"Arr_ela_Tri_pra"
0.947434916673639	141.313346223438	0	0.5	"Arr_ela_Ran_rep"
0.856655861370484	158.269912411261	0	0.5	"Arr_ela_Bro_ere"
1.21486816696291	158.452255424339	0	0.5	"Arr_ela_Ran_acr"
1.11054814597238	161.57261298459	0	0.5	"Arr_ela_Pla_lan"
1.18329563104424	128.458184167428	0	0.5	"Arr_ela_Ach_mil"
1.26122440245708	164.534020195671	0	0.5	"Arr_ela_Ant_syl"
1.23744027425958	147.630280651883	0	0.5	"Arr_ela_Her_sph"
0.448282172827105	148.496985159259	0	0.5	"Arr_ela_Hel_pub"
0.817291752652118	166.380388499557	0	0.5	"Arr_ela_Bra_pin"
0.969974684622095	137.363265700848	0	0.5	"Tri_pra_Ran_rep"
0.919753160621422	167.198319639214	0	0.5	"Tri_pra_Bro_ere"
1.06515153866402	150.149527221427	0	0.5	"Tri_pra_Ran_acr"
1.12337999812192	150.642373431064	0	0.5	"Tri_pra_Pla_lan"
1.02028263873984	133.308219119312	0	0.5	"Tri_pra_Ach_mil"
0.971825768397708	158.326517695073	0	0.5	"Tri_pra_Ant_syl"
0.838983988480681	150.283506234452	0	0.5	"Tri_pra_Her_sph"
0.855323460249023	170.249408501379	0	0.5	"Tri_pra_Hel_pub"
0.879210763383008	176.164951216674	0	0.5	"Tri_pra_Bra_pin"
0.944896565574725	138.903935579174	0	0.5	"Ran_rep_Bro_ere"
0.907700437560302	139.171314280327	0	0.5	"Ran_rep_Ran_acr"
0.906632798521576	136.62861156673	0	0.5	"Ran_rep_Pla_lan"
0.951769024115371	153.022486997182	0	0.5	"Ran_rep_Ach_mil"
0.923635567920822	139.276703152642	0	0.5	"Ran_rep_Ant_syl"
1.17739492820026	152.925145967834	0	0.5	"Ran_rep_Her_sph"
0.853182079389921	135.338289540705	0	0.5	"Ran_rep_Hel_pub"
0.941850875592837	138.711282154284	0	0.5	"Ran_rep_Bra_pin"
0.904916562940455	150.973865091774	0	0.5	"Bro_ere_Ran_acr"
1.02301536273884	145.754160324765	0	0.5	"Bro_ere_Pla_lan"
0.838845622746263	142.504965968698	0	0.5	"Bro_ere_Ach_mil"
0.87516968110555	154.15858785046	0	0.5	"Bro_ere_Ant_syl"
0.713689799256308	153.355324823652	0	0.5	"Bro_ere_Her_sph"
0.207780522604468	164.555097056602	0	0.5	"Bro_ere_Hel_pub"
1.27013946340227	147.366686665694	0	0.5	"Bro_ere_Bra_pin"
1.00614158972695	169.446714443839	0	0.5	"Ran_acr_Pla_lan"
1.09108242112114	130.284684096408	0	0.5	"Ran_acr_Ach_mil"
1.0134047519026	174.80480052543	0	0.5	"Ran_acr_Ant_syl"
0.930121527079952	157.744665744347	0	0.5	"Ran_acr_Her_sph"
1.08947222179899	162.462396270298	0	0.5	"Ran_acr_Hel_pub"
0.974588674538457	162.509208469503	0	0.5	"Ran_acr_Bra_pin"
0.937577791153085	138.840850438171	0	0.5	"Pla_lan_Ach_mil"
0.981232351232385	173.396043514961	0	0.5	"Pla_lan_Ant_syl"
0.954366256268107	166.482725521444	0	0.5	"Pla_lan_Her_sph"
0.951863492151787	145.04081352083	0	0.5	"Pla_lan_Hel_pub"
0.622870754840266	158.370243223192	0	0.5	"Pla_lan_Bra_pin"
0.987566865258456	140.129789147723	0	0.5	"Ach_mil_Ant_syl"
0.967084373053508	141.011455489619	0	0.5	"Ach_mil_Her_sph"
0.863853063404936	142.097028545476	0	0.5	"Ach_mil_Hel_pub"
0.962017237493314	136.843982313819	0	0.5	"Ach_mil_Bra_pin"
1.09602137564655	146.834289384686	0	0.5	"Ant_syl_Her_sph"
0.688016396693703	143.646672050672	0	0.5	"Ant_syl_Hel_pub"
0.929708326245153	164.575118008605	0	0.5	"Ant_syl_Bra_pin"
0.84286352956132	141.683981126438	0	0.5	"Her_sph_Hel_pub"
0.9153706625267	150.719690985786	0	0.5	"Her_sph_Bra_pin"
1.0156115753587	176.137653066367	0	0.5	"Hel_pub_Bra_pin"
1.09411349906208	174.438081901515	0	0.75	"Poa_tri_Alo_pra"
1.30261831258341	127.503792863344	0	0.75	"Poa_tri_Dac_glo"
0.783338440684955	172.74950483172	0	0.75	"Poa_tri_Arr_ela"
0.962087714610275	141.668838305536	0	0.75	"Poa_tri_Fes_rub"
1.0666868541413	169.819322889346	0	0.75	"Poa_tri_Tri_pra"
1.05973619983924	144.316481783997	0	0.75	"Poa_tri_Ran_rep"
0.928230055245722	172.394753309702	0	0.75	"Poa_tri_Bro_ere"
1.21603305805613	142.127926895452	0	0.75	"Poa_tri_Ran_acr"
0.889620401114544	142.703456270427	0	0.75	"Poa_tri_Bro_hor"
0.781001548953739	163.861939010398	0	0.75	"Poa_tri_Pla_lan"
0.910585398539993	138.461695156935	0	0.75	"Poa_tri_Ach_mil"
0.463825362440332	179.767894887384	0	0.75	"Poa_tri_Ant_syl"
1.51792191673243	116.658348181291	0	0.75	"Poa_tri_Her_sph"
0.721151055940996	171.731857445414	0	0.75	"Poa_tri_Hel_pub"
0.909480761656149	169.495539656847	0	0.75	"Poa_tri_Bra_pin"
1.0620058615086	143.935346250561	0	0.75	"Alo_pra_Dac_glo"
1.08055407338286	161.255229203258	0	0.75	"Alo_pra_Arr_ela"
1.07989894241688	139.459099493906	0	0.75	"Alo_pra_Fes_rub"
0.875856141588678	173.838397707705	0	0.75	"Alo_pra_Tri_pra"
1.19919901160132	135.158377711867	0	0.75	"Alo_pra_Ran_rep"
0.934906528416395	173.7284484727	0	0.75	"Alo_pra_Bro_ere"
1.20540203915149	142.370476502233	0	0.75	"Alo_pra_Ran_acr"
1.07557752866311	138.034967029397	0	0.75	"Alo_pra_Bro_hor"
1.17137554893624	148.378652768792	0	0.75	"Alo_pra_Pla_lan"
1.10831788836548	132.483962651054	0	0.75	"Alo_pra_Ach_mil"
0.859892919914681	160.833856808474	0	0.75	"Alo_pra_Ant_syl"
0.245499085718564	172.695108367022	0	0.75	"Alo_pra_Her_sph"
0.551874750402139	163.751623274299	0	0.75	"Alo_pra_Hel_pub"
0.952403981931864	169.74284681863	0	0.75	"Alo_pra_Bra_pin"
1.09072654321165	163.669306442223	0	0.75	"Dac_glo_Arr_ela"
0.799780976543539	163.277236845487	0	0.75	"Dac_glo_Fes_rub"
1.05907630305815	138.215259672174	0	0.75	"Dac_glo_Tri_pra"
0.960439482792845	172.717240607809	0	0.75	"Dac_glo_Ran_rep"
0.7292804295072	154.494027120829	0	0.75	"Dac_glo_Bro_ere"
0.812635209215216	158.908121449092	0	0.75	"Dac_glo_Ran_acr"
1.25676324062035	155.641522303714	0	0.75	"Dac_glo_Bro_hor"
0.580993947739977	137.546175519626	0	0.75	"Dac_glo_Pla_lan"
1.05733176476678	156.703812573014	0	0.75	"Dac_glo_Ach_mil"
0.613225044039017	139.741093798303	0	0.75	"Dac_glo_Ant_syl"
1.41279515641345	159.276926305608	0	0.75	"Dac_glo_Her_sph"
1.24307889010587	172.171905267819	0	0.75	"Dac_glo_Hel_pub"
0.772439571522401	146.280324931311	0	0.75	"Dac_glo_Bra_pin"
0.929331391826139	157.873047686648	0	0.75	"Arr_ela_Fes_rub"
0.820929485289165	143.64947981789	0	0.75	"Arr_ela_Tri_pra"
0.947434916673639	147.967365851662	0	0.75	"Arr_ela_Ran_rep"
0.856655861370484	158.893099765221	0	0.75	"Arr_ela_Bro_ere"
1.21486816696291	151.321732197412	0	0.75	"Arr_ela_Ran_acr"
0.933071529949062	151.448465424972	0	0.75	"Arr_ela_Bro_hor"
1.11054814597238	166.114315946819	0	0.75	"Arr_ela_Pla_lan"
1.18329563104424	128.824242100231	0	0.75	"Arr_ela_Ach_mil"
1.26122440245708	162.138399938078	0	0.75	"Arr_ela_Ant_syl"
1.23744027425958	139.082985650156	0	0.75	"Arr_ela_Her_sph"
0.448282172827105	149.662746599154	0	0.75	"Arr_ela_Hel_pub"
0.817291752652118	168.457956848625	0	0.75	"Arr_ela_Bra_pin"
0.943363019285055	152.662145421537	0	0.75	"Fes_rub_Tri_pra"
1.14620596782171	176.884282377247	0	0.75	"Fes_rub_Ran_rep"
0.697336995723441	152.81340596464	0	0.75	"Fes_rub_Bro_ere"
1.08250779171079	156.658348329841	0	0.75	"Fes_rub_Ran_acr"
1.03320311327352	166.164432754802	0	0.75	"Fes_rub_Bro_hor"
1.26354586660849	163.546844384123	0	0.75	"Fes_rub_Pla_lan"
0.670391616748451	140.975591102259	0	0.75	"Fes_rub_Ach_mil"
0.90080598348467	155.992055458945	0	0.75	"Fes_rub_Ant_syl"
0.77549328586109	174.178120325971	0	0.75	"Fes_rub_Her_sph"
1.45691813465626	163.941879158814	0	0.75	"Fes_rub_Hel_pub"
1.00819114313969	162.312118519855	0	0.75	"Fes_rub_Bra_pin"
0.969974684622095	140.101023721838	0	0.75	"Tri_pra_Ran_rep"
0.919753160621422	172.283441910438	0	0.75	"Tri_pra_Bro_ere"
1.06515153866402	142.503541792372	0	0.75	"Tri_pra_Ran_acr"
1.07232437071064	141.090473552698	0	0.75	"Tri_pra_Bro_hor"
1.12337999812192	150.833686520258	0	0.75	"Tri_pra_Pla_lan"
1.02028263873984	133.381085678335	0	0.75	"Tri_pra_Ach_mil"
0.971825768397708	153.45839193641	0	0.75	"Tri_pra_Ant_syl"
0.838983988480681	144.47538558286	0	0.75	"Tri_pra_Her_sph"
0.855323460249023	176.272532089571	0	0.75	"Tri_pra_Hel_pub"
0.879210763383008	169.674555570809	0	0.75	"Tri_pra_Bra_pin"
0.944896565574725	141.174818231382	0	0.75	"Ran_rep_Bro_ere"
0.907700437560302	150.768700805399	0	0.75	"Ran_rep_Ran_acr"
1.10339201347858	177.687679443191	0	0.75	"Ran_rep_Bro_hor"
0.906632798521576	144.012745628137	0	0.75	"Ran_rep_Pla_lan"
0.951769024115371	145.341095774195	0	0.75	"Ran_rep_Ach_mil"
0.923635567920822	147.911408514486	0	0.75	"Ran_rep_Ant_syl"
1.17739492820026	177.12223419479	0	0.75	"Ran_rep_Her_sph"
0.853182079389921	138.447446480132	0	0.75	"Ran_rep_Hel_pub"
0.941850875592837	143.472825295947	0	0.75	"Ran_rep_Bra_pin"
0.904916562940455	148.096776654388	0	0.75	"Bro_ere_Ran_acr"
0.939414004137726	141.930773418351	0	0.75	"Bro_ere_Bro_hor"
1.02301536273884	148.343306957451	0	0.75	"Bro_ere_Pla_lan"
0.838845622746263	142.639673138969	0	0.75	"Bro_ere_Ach_mil"
0.87516968110555	153.471826012419	0	0.75	"Bro_ere_Ant_syl"
0.713689799256308	150.580492482677	0	0.75	"Bro_ere_Her_sph"
0.207780522604469	165.063832893861	0	0.75	"Bro_ere_Hel_pub"
1.27013946340227	146.406171702041	0	0.75	"Bro_ere_Bra_pin"
1.06667155233661	152.81010757574	0	0.75	"Ran_acr_Bro_hor"
1.00614158972695	178.366948230048	0	0.75	"Ran_acr_Pla_lan"
1.09108242112114	131.287468697126	0	0.75	"Ran_acr_Ach_mil"
1.0134047519026	179.813927825379	0	0.75	"Ran_acr_Ant_syl"
0.930121527079953	152.054268751442	0	0.75	"Ran_acr_Her_sph"
1.08947222179899	159.062159900449	0	0.75	"Ran_acr_Hel_pub"
0.974588674538457	158.459476655631	0	0.75	"Ran_acr_Bra_pin"
0.969694846180096	147.29103316117	0	0.75	"Bro_hor_Pla_lan"
1.05201476176304	143.102516405305	0	0.75	"Bro_hor_Ach_mil"
0.999080327489347	144.724272225561	0	0.75	"Bro_hor_Ant_syl"
1.34188562899758	174.363746071723	0	0.75	"Bro_hor_Her_sph"
0.888776719284828	141.078845865846	0	0.75	"Bro_hor_Hel_pub"
0.964033944752758	142.136905731719	0	0.75	"Bro_hor_Bra_pin"
0.937577791153085	139.025478456258	0	0.75	"Pla_lan_Ach_mil"
0.981232351232385	179.478828931265	0	0.75	"Pla_lan_Ant_syl"
0.954366256268107	152.181084324754	0	0.75	"Pla_lan_Her_sph"
0.951863492151787	148.68406819669	0	0.75	"Pla_lan_Hel_pub"
0.622870754840267	163.801391798681	0	0.75	"Pla_lan_Bra_pin"
0.987566865258456	140.708684845422	0	0.75	"Ach_mil_Ant_syl"
0.967084373053508	144.927423068262	0	0.75	"Ach_mil_Her_sph"
0.863853063404936	142.289324723831	0	0.75	"Ach_mil_Hel_pub"
0.962017237493314	137.153966824826	0	0.75	"Ach_mil_Bra_pin"
1.09602137564655	138.516633288124	0	0.75	"Ant_syl_Her_sph"
0.688016396693703	143.11188040901	0	0.75	"Ant_syl_Hel_pub"
0.929708326245153	164.441611505294	0	0.75	"Ant_syl_Bra_pin"
0.84286352956132	138.119443619011	0	0.75	"Her_sph_Hel_pub"
0.9153706625267	145.736771918695	0	0.75	"Her_sph_Bra_pin"
1.0156115753587	175.514162668109	0	0.75	"Hel_pub_Bra_pin"
1.19197107252382	153.680541694991	0	1	"Poa_tri_Poa_pra"
1.09411349906208	170.740484637914	0	1	"Poa_tri_Alo_pra"
1.30261831258341	136.837959911345	0	1	"Poa_tri_Dac_glo"
1.17990604721487	135.889249550081	0	1	"Poa_tri_Tri_rep"
0.783338440684955	167.686971820588	0	1	"Poa_tri_Arr_ela"
0.962087714610275	152.422408402533	0	1	"Poa_tri_Fes_rub"
0.965800704189515	140.880549140482	0	1	"Poa_tri_Fes_pra"
1.0666868541413	167.456003160385	0	1	"Poa_tri_Tri_pra"
1.05973619983924	146.280262002303	0	1	"Poa_tri_Ran_rep"
0.928230055245722	178.962075347393	0	1	"Poa_tri_Bro_ere"
1.21603305805613	133.669022271926	0	1	"Poa_tri_Ran_acr"
0.889620401114544	148.859728905635	0	1	"Poa_tri_Bro_hor"
0.781001548953739	162.578378222841	0	1	"Poa_tri_Pla_lan"
0.910585398539993	138.467938691903	0	1	"Poa_tri_Ach_mil"
0.463825362440332	173.73568798511	0	1	"Poa_tri_Ant_syl"
1.51792191673243	111.058607915215	0	1	"Poa_tri_Her_sph"
0.721151055940996	178.829615463438	0	1	"Poa_tri_Hel_pub"
0.909480761656149	160.469862626707	0	1	"Poa_tri_Bra_pin"
1.00339793027235	159.590103835065	0	1	"Poa_pra_Alo_pra"
0.974969760369189	178.911862749523	0	1	"Poa_pra_Dac_glo"
1.27343890642308	148.03178329161	0	1	"Poa_pra_Tri_rep"
1.20705282848583	173.982173772252	0	1	"Poa_pra_Arr_ela"
1.24721910185128	174.822218688817	0	1	"Poa_pra_Fes_rub"
1.25646253236397	137.819770442082	0	1	"Poa_pra_Fes_pra"
1.24697277020479	161.334726063495	0	1	"Poa_pra_Tri_pra"
1.09548041128216	159.197855637365	0	1	"Poa_pra_Ran_rep"
0.942836698908204	155.173868178921	0	1	"Poa_pra_Bro_ere"
0.947749996066334	163.297840385411	0	1	"Poa_pra_Ran_acr"
1.11978931337953	163.847643311248	0	1	"Poa_pra_Bro_hor"
1.39411527653052	169.802123707709	0	1	"Poa_pra_Pla_lan"
1.03102739385918	137.064358667931	0	1	"Poa_pra_Ach_mil"
1.00430431059309	178.969500907866	0	1	"Poa_pra_Ant_syl"
0.725640062205167	145.530369416387	0	1	"Poa_pra_Her_sph"
0.950981703803972	162.149178719001	0	1	"Poa_pra_Hel_pub"
1.05610812393118	169.03266630423	0	1	"Poa_pra_Bra_pin"
1.0620058615086	156.543382890398	0	1	"Alo_pra_Dac_glo"
1.07241883293438	141.23609961309	0	1	"Alo_pra_Tri_rep"
1.08055407338286	158.462699156229	0	1	"Alo_pra_Arr_ela"
1.07989894241688	153.72635775091	0	1	"Alo_pra_Fes_rub"
0.968334889649639	139.025757127239	0	1	"Alo_pra_Fes_pra"
0.875856141588678	172.456608453992	0	1	"Alo_pra_Tri_pra"
1.19919901160132	138.441839315599	0	1	"Alo_pra_Ran_rep"
0.934906528416395	178.464913041739	0	1	"Alo_pra_Bro_ere"
1.20540203915149	134.187106082646	0	1	"Alo_pra_Ran_acr"
1.07557752866311	146.468738292071	0	1	"Alo_pra_Bro_hor"
1.17137554893624	149.564076222644	0	1	"Alo_pra_Pla_lan"
1.10831788836548	132.605248095374	0	1	"Alo_pra_Ach_mil"
0.859892919914681	156.274352080012	0	1	"Alo_pra_Ant_syl"
0.245499085718564	166.43693283702	0	1	"Alo_pra_Her_sph"
0.551874750402139	169.557965384015	0	1	"Alo_pra_Hel_pub"
0.952403981931864	163.404473077786	0	1	"Alo_pra_Bra_pin"
1.53811898161917	147.769374688754	0	1	"Dac_glo_Tri_rep"
1.09072654321165	171.378536514738	0	1	"Dac_glo_Arr_ela"
0.799780976543539	157.96873282477	0	1	"Dac_glo_Fes_rub"
1.33405557579581	154.281803639617	0	1	"Dac_glo_Fes_pra"
1.05907630305815	148.781806823369	0	1	"Dac_glo_Tri_pra"
0.960439482792845	156.382597545698	0	1	"Dac_glo_Ran_rep"
0.7292804295072	165.177222778517	0	1	"Dac_glo_Bro_ere"
0.812635209215216	157.291336362783	0	1	"Dac_glo_Ran_acr"
1.25676324062035	154.795078080435	0	1	"Dac_glo_Bro_hor"
0.580993947739977	160.792115443269	0	1	"Dac_glo_Pla_lan"
1.05733176476678	152.387114181451	0	1	"Dac_glo_Ach_mil"
0.613225044039017	171.456093696126	0	1	"Dac_glo_Ant_syl"
1.41279515641345	115.25187013065	0	1	"Dac_glo_Her_sph"
1.24307889010587	173.191057519352	0	1	"Dac_glo_Hel_pub"
0.772439571522401	167.926328989678	0	1	"Dac_glo_Bra_pin"
1.25709639281721	152.363797705647	0	1	"Tri_rep_Arr_ela"
1.46043942347902	165.687105961299	0	1	"Tri_rep_Fes_rub"
1.11712637811758	176.404629868362	0	1	"Tri_rep_Fes_pra"
0.828631282622906	132.439461126649	0	1	"Tri_rep_Tri_pra"
1.16190743085961	150.326911132861	0	1	"Tri_rep_Ran_rep"
1.00920050762109	145.498006258149	0	1	"Tri_rep_Bro_ere"
1.22881169518127	160.278354579704	0	1	"Tri_rep_Ran_acr"
0.996144805915674	143.537204425038	0	1	"Tri_rep_Bro_hor"
1.25636887410859	150.804294065421	0	1	"Tri_rep_Pla_lan"
1.14851615470001	157.991398622044	0	1	"Tri_rep_Ach_mil"
1.12343733436661	148.922250163187	0	1	"Tri_rep_Ant_syl"
1.32132067551825	126.348387993496	0	1	"Tri_rep_Her_sph"
0.817508459141424	135.353278399419	0	1	"Tri_rep_Hel_pub"
1.16105458980677	150.684948723517	0	1	"Tri_rep_Bra_pin"
0.929331391826139	174.312243614722	0	1	"Arr_ela_Fes_rub"
0.859817125890453	136.109367377205	0	1	"Arr_ela_Fes_pra"
0.820929485289165	140.117659868565	0	1	"Arr_ela_Tri_pra"
0.947434916673639	156.230038217063	0	1	"Arr_ela_Ran_rep"
0.856655861370484	159.77690292469	0	1	"Arr_ela_Bro_ere"
1.21486816696291	139.943653362988	0	1	"Arr_ela_Ran_acr"
0.933071529949062	169.690406314898	0	1	"Arr_ela_Bro_hor"
1.11054814597238	171.308945858063	0	1	"Arr_ela_Pla_lan"
1.18329563104424	129.303439758175	0	1	"Arr_ela_Ach_mil"
1.26122440245708	158.739165435868	0	1	"Arr_ela_Ant_syl"
1.23744027425958	127.040520490971	0	1	"Arr_ela_Her_sph"
0.448282172827104	151.369500905166	0	1	"Arr_ela_Hel_pub"
0.817291752652118	171.562370486408	0	1	"Arr_ela_Bra_pin"
1.05406097572146	138.605167991135	0	1	"Fes_rub_Fes_pra"
0.943363019285055	164.694388054217	0	1	"Fes_rub_Tri_pra"
1.14620596782171	161.806151022653	0	1	"Fes_rub_Ran_rep"
0.697336995723441	164.694489963662	0	1	"Fes_rub_Bro_ere"
1.08250779171079	156.140679615574	0	1	"Fes_rub_Ran_acr"
1.03320311327352	160.302637152641	0	1	"Fes_rub_Bro_hor"
1.26354586660849	169.939989332625	0	1	"Fes_rub_Pla_lan"
0.670391616748451	135.493965024209	0	1	"Fes_rub_Ach_mil"
0.90080598348467	169.048607867096	0	1	"Fes_rub_Ant_syl"
0.77549328586109	137.722540315544	0	1	"Fes_rub_Her_sph"
1.45691813465626	179.829757668608	0	1	"Fes_rub_Hel_pub"
1.00819114313969	173.799019729606	0	1	"Fes_rub_Bra_pin"
1.11192616045244	140.646268491675	0	1	"Fes_pra_Tri_pra"
1.12441916349467	147.943734102685	0	1	"Fes_pra_Ran_rep"
1.00195673827282	137.851430463042	0	1	"Fes_pra_Bro_ere"
1.02493289827927	148.285593492602	0	1	"Fes_pra_Ran_acr"
1.01549670613535	142.279860535706	0	1	"Fes_pra_Bro_hor"
1.17806376217842	147.517202143819	0	1	"Fes_pra_Pla_lan"
1.21724901030179	152.529036808254	0	1	"Fes_pra_Ach_mil"
1.1001420977109	148.712661041441	0	1	"Fes_pra_Ant_syl"
0.833323643809668	149.309997747087	0	1	"Fes_pra_Her_sph"
1.20487684674723	149.918047876651	0	1	"Fes_pra_Hel_pub"
1.17150749350137	147.075646435858	0	1	"Fes_pra_Bra_pin"
0.969974684622095	142.657563119585	0	1	"Tri_pra_Ran_rep"
0.919753160621422	178.566483507796	0	1	"Tri_pra_Bro_ere"
1.06515153866402	134.714732503783	0	1	"Tri_pra_Ran_acr"
1.07232437071064	148.094914159836	0	1	"Tri_pra_Bro_hor"
1.12337999812192	151.0133581554	0	1	"Tri_pra_Pla_lan"
1.02028263873984	133.449674560655	0	1	"Tri_pra_Ach_mil"
0.971825768397708	148.581925410863	0	1	"Tri_pra_Ant_syl"
0.838983988480681	138.895099420619	0	1	"Tri_pra_Her_sph"
0.855323460249023	176.569923024083	0	1	"Tri_pra_Hel_pub"
0.879210763383008	162.506389237519	0	1	"Tri_pra_Bra_pin"
0.944896565574725	144.40198544212	0	1	"Ran_rep_Bro_ere"
0.907700437560302	175.707178161965	0	1	"Ran_rep_Ran_acr"
1.10339201347858	165.139271120215	0	1	"Ran_rep_Bro_hor"
0.906632798521576	150.438759061121	0	1	"Ran_rep_Pla_lan"
0.951769024115371	143.110667409243	0	1	"Ran_rep_Ach_mil"
0.923635567920822	160.515496263612	0	1	"Ran_rep_Ant_syl"
1.17739492820026	129.545627018467	0	1	"Ran_rep_Her_sph"
0.853182079389921	143.044088079883	0	1	"Ran_rep_Hel_pub"
0.941850875592837	150.812656915931	0	1	"Ran_rep_Bra_pin"
0.904916562940455	143.876155459976	0	1	"Bro_ere_Ran_acr"
0.939414004137726	149.008852746847	0	1	"Bro_ere_Bro_hor"
1.02301536273884	151.94282583708	0	1	"Bro_ere_Pla_lan"
0.838845622746263	142.832368451597	0	1	"Bro_ere_Ach_mil"
0.87516968110555	152.481832076348	0	1	"Bro_ere_Ant_syl"
0.713689799256308	146.579856746928	0	1	"Bro_ere_Her_sph"
0.207780522604469	165.803349783822	0	1	"Bro_ere_Hel_pub"
1.27013946340227	145.004517337492	0	1	"Bro_ere_Bra_pin"
1.06667155233661	168.176600309532	0	1	"Ran_acr_Bro_hor"
1.00614158972695	161.583327391904	0	1	"Ran_acr_Pla_lan"
1.09108242112114	134.08136248708	0	1	"Ran_acr_Ach_mil"
1.0134047519026	170.362076245289	0	1	"Ran_acr_Ant_syl"
0.930121527079952	134.277919411005	0	1	"Ran_acr_Her_sph"
1.08947222179899	153.753751132388	0	1	"Ran_acr_Hel_pub"
0.974588674538457	151.486064366898	0	1	"Ran_acr_Bra_pin"
0.969694846180096	164.552624851779	0	1	"Bro_hor_Pla_lan"
1.05201476176304	136.943797689494	0	1	"Bro_hor_Ach_mil"
0.999080327489347	169.541495386939	0	1	"Bro_hor_Ant_syl"
1.34188562899758	119.914689458892	0	1	"Bro_hor_Her_sph"
0.888776719284828	150.926316932356	0	1	"Bro_hor_Hel_pub"
0.964033944752758	157.294002207079	0	1	"Bro_hor_Bra_pin"
0.937577791153085	139.19571850495	0	1	"Pla_lan_Ach_mil"
0.981232351232385	170.7930233225	0	1	"Pla_lan_Ant_syl"
0.954366256268107	136.910069545619	0	1	"Pla_lan_Her_sph"
0.951863492151787	153.844957933597	0	1	"Pla_lan_Hel_pub"
0.622870754840266	171.415585127265	0	1	"Pla_lan_Bra_pin"
0.987566865258456	141.641589315065	0	1	"Ach_mil_Ant_syl"
0.967084373053508	146.292895930834	0	1	"Ach_mil_Her_sph"
0.863853063404936	142.577239814533	0	1	"Ach_mil_Hel_pub"
0.962017237493314	137.646689324736	0	1	"Ach_mil_Bra_pin"
1.09602137564655	123.738780542337	0	1	"Ant_syl_Her_sph"
0.688016396693703	142.3043833113	0	1	"Ant_syl_Hel_pub"
0.929708326245153	164.228646911599	0	1	"Ant_syl_Bra_pin"
0.84286352956132	132.707401935055	0	1	"Her_sph_Hel_pub"
0.9153706625267	137.570445375232	0	1	"Her_sph_Bra_pin"
1.0156115753587	174.563574457241	0	1	"Hel_pub_Bra_pin"
1.19197107252382	166.325075554898	0	1.25	"Poa_tri_Poa_pra"
1.09411349906208	167.452727150657	0	1.25	"Poa_tri_Alo_pra"
1.30261831258341	143.843416502446	0	1.25	"Poa_tri_Dac_glo"
1.17990604721487	161.27633711444	0	1.25	"Poa_tri_Tri_rep"
0.783338440684955	163.35002861679	0	1.25	"Poa_tri_Arr_ela"
0.962087714610275	160.381765262974	0	1.25	"Poa_tri_Fes_rub"
0.965800704189515	144.981035965092	0	1.25	"Poa_tri_Fes_pra"
1.0666868541413	165.405551059689	0	1.25	"Poa_tri_Tri_pra"
1.05973619983924	147.85498546029	0	1.25	"Poa_tri_Ran_rep"
0.928230055245722	169.282781617481	0	1.25	"Poa_tri_Bro_ere"
1.21603305805613	126.557493361423	0	1.25	"Poa_tri_Ran_acr"
0.889620401114544	153.672717970953	0	1.25	"Poa_tri_Bro_hor"
0.781001548953739	161.527236402515	0	1.25	"Poa_tri_Pla_lan"
0.910585398539993	138.472982572477	0	1.25	"Poa_tri_Ach_mil"
0.463825362440333	168.613201587416	0	1.25	"Poa_tri_Ant_syl"
0.721151055940996	169.063983751622	0	1.25	"Poa_tri_Hel_pub"
0.909480761656149	152.04750956055	0	1.25	"Poa_tri_Bra_pin"
1.00339793027235	177.810787415624	0	1.25	"Poa_pra_Alo_pra"
0.974969760369189	172.924223084583	0	1.25	"Poa_pra_Dac_glo"
1.27343890642308	172.873595249001	0	1.25	"Poa_pra_Tri_rep"
1.20705282848583	159.684454475591	0	1.25	"Poa_pra_Arr_ela"
1.24721910185128	167.597715396827	0	1.25	"Poa_pra_Fes_rub"
1.25646253236397	143.065463290582	0	1.25	"Poa_pra_Fes_pra"
1.24697277020479	176.533943254185	0	1.25	"Poa_pra_Tri_pra"
1.09548041128216	149.896533765649	0	1.25	"Poa_pra_Ran_rep"
0.942836698908204	176.222108630185	0	1.25	"Poa_pra_Bro_ere"
0.947749996066334	136.129877887333	0	1.25	"Poa_pra_Ran_acr"
1.11978931337953	156.382073833128	0	1.25	"Poa_pra_Bro_hor"
1.39411527653052	148.71726696606	0	1.25	"Poa_pra_Pla_lan"
1.03102739385918	135.63930045517	0	1.25	"Poa_pra_Ach_mil"
1.00430431059309	151.494090560595	0	1.25	"Poa_pra_Ant_syl"
0.950981703803972	171.390021079102	0	1.25	"Poa_pra_Hel_pub"
1.05610812393118	159.847625495737	0	1.25	"Poa_pra_Bra_pin"
1.0620058615086	167.886074611763	0	1.25	"Alo_pra_Dac_glo"
1.07241883293438	175.546419045504	0	1.25	"Alo_pra_Tri_rep"
1.08055407338286	155.425542595312	0	1.25	"Alo_pra_Arr_ela"
1.07989894241688	166.260656266453	0	1.25	"Alo_pra_Fes_rub"
0.968334889649639	145.156281921969	0	1.25	"Alo_pra_Fes_pra"
0.875856141588678	171.099714363946	0	1.25	"Alo_pra_Tri_pra"
1.19919901160132	141.791700878832	0	1.25	"Alo_pra_Ran_rep"
0.934906528416395	175.232119836198	0	1.25	"Alo_pra_Bro_ere"
1.20540203915149	125.232907013928	0	1.25	"Alo_pra_Ran_acr"
1.07557752866311	154.666809447209	0	1.25	"Alo_pra_Bro_hor"
1.17137554893624	150.77398490628	0	1.25	"Alo_pra_Pla_lan"
1.10831788836548	132.731254756583	0	1.25	"Alo_pra_Ach_mil"
0.859892919914681	151.279236725411	0	1.25	"Alo_pra_Ant_syl"
0.551874750402139	177.028128636079	0	1.25	"Alo_pra_Hel_pub"
0.952403981931864	155.806853812574	0	1.25	"Alo_pra_Bra_pin"
1.53811898161917	166.618358588922	0	1.25	"Dac_glo_Tri_rep"
1.09072654321165	152.406124425661	0	1.25	"Dac_glo_Arr_ela"
0.799780976543539	157.002268302383	0	1.25	"Dac_glo_Fes_rub"
1.33405557579581	162.413969121435	0	1.25	"Dac_glo_Fes_pra"
1.05907630305815	157.813150898041	0	1.25	"Dac_glo_Tri_pra"
0.960439482792845	152.340079663756	0	1.25	"Dac_glo_Ran_rep"
0.7292804295072	179.697861385891	0	1.25	"Dac_glo_Bro_ere"
0.812635209215216	132.166221315227	0	1.25	"Dac_glo_Ran_acr"
1.25676324062035	154.621403483631	0	1.25	"Dac_glo_Bro_hor"
0.580993947739977	174.138753848261	0	1.25	"Dac_glo_Pla_lan"
1.05733176476678	151.506528643839	0	1.25	"Dac_glo_Ach_mil"
0.613225044039017	166.918741987753	0	1.25	"Dac_glo_Ant_syl"
1.24307889010587	154.153493142218	0	1.25	"Dac_glo_Hel_pub"
0.772439571522401	168.337711309617	0	1.25	"Dac_glo_Bra_pin"
1.25709639281721	149.866061304119	0	1.25	"Tri_rep_Arr_ela"
1.46043942347902	150.657696579774	0	1.25	"Tri_rep_Fes_rub"
1.11712637811758	144.544361170631	0	1.25	"Tri_rep_Fes_pra"
0.828631282622906	161.414439265516	0	1.25	"Tri_rep_Tri_pra"
1.16190743085961	148.472809836755	0	1.25	"Tri_rep_Ran_rep"
1.00920050762109	179.080719695869	0	1.25	"Tri_rep_Bro_ere"
1.22881169518127	122.122037979859	0	1.25	"Tri_rep_Ran_acr"
0.996144805915674	162.697049342109	0	1.25	"Tri_rep_Bro_hor"
1.25636887410859	155.36452447281	0	1.25	"Tri_rep_Pla_lan"
1.14851615470001	134.061532190189	0	1.25	"Tri_rep_Ach_mil"
1.12343733436661	144.308622811303	0	1.25	"Tri_rep_Ant_syl"
0.817508459141424	178.902397535597	0	1.25	"Tri_rep_Hel_pub"
1.16105458980677	152.840500554828	0	1.25	"Tri_rep_Bra_pin"
0.929331391826139	154.550663683641	0	1.25	"Arr_ela_Fes_rub"
0.859817125890453	151.85417220172	0	1.25	"Arr_ela_Fes_pra"
0.820929485289165	136.627287978067	0	1.25	"Arr_ela_Tri_pra"
0.947434916673639	166.279199975982	0	1.25	"Arr_ela_Ran_rep"
0.856655861370484	161.127151735687	0	1.25	"Arr_ela_Bro_ere"
1.21486816696291	121.270862145939	0	1.25	"Arr_ela_Ran_acr"
0.933071529949062	172.438568225182	0	1.25	"Arr_ela_Bro_hor"
1.11054814597238	177.202915207277	0	1.25	"Arr_ela_Pla_lan"
1.18329563104424	129.957705038397	0	1.25	"Arr_ela_Ach_mil"
1.26122440245708	153.587897997189	0	1.25	"Arr_ela_Ant_syl"
0.448282172827105	154.100704407993	0	1.25	"Arr_ela_Hel_pub"
0.817291752652118	176.660805731938	0	1.25	"Arr_ela_Bra_pin"
1.05406097572146	145.993244619334	0	1.25	"Fes_rub_Fes_pra"
0.943363019285055	174.802561022027	0	1.25	"Fes_rub_Tri_pra"
1.14620596782171	157.290733171568	0	1.25	"Fes_rub_Ran_rep"
0.697336995723441	179.476402433865	0	1.25	"Fes_rub_Bro_ere"
1.08250779171079	131.890667638672	0	1.25	"Fes_rub_Ran_acr"
1.03320311327352	159.267179322844	0	1.25	"Fes_rub_Bro_hor"
1.26354586660849	155.705951637395	0	1.25	"Fes_rub_Pla_lan"
0.670391616748451	134.594483402929	0	1.25	"Fes_rub_Ach_mil"
0.90080598348467	147.23100533609	0	1.25	"Fes_rub_Ant_syl"
1.45691813465626	159.425502810226	0	1.25	"Fes_rub_Hel_pub"
1.00819114313969	149.080821415434	0	1.25	"Fes_rub_Bra_pin"
1.11192616045244	145.536499891751	0	1.25	"Fes_pra_Tri_pra"
1.12441916349467	169.257997074942	0	1.25	"Fes_pra_Ran_rep"
1.00195673827282	144.068577223471	0	1.25	"Fes_pra_Bro_ere"
1.02493289827927	139.324070706527	0	1.25	"Fes_pra_Ran_acr"
1.01549670613535	154.312400761501	0	1.25	"Fes_pra_Bro_hor"
1.17806376217842	160.460510969969	0	1.25	"Fes_pra_Pla_lan"
1.21724901030179	132.790119876713	0	1.25	"Fes_pra_Ach_mil"
1.1001420977109	174.735276407612	0	1.25	"Fes_pra_Ant_syl"
1.20487684674723	158.984102100092	0	1.25	"Fes_pra_Hel_pub"
1.17150749350137	162.094991292948	0	1.25	"Fes_pra_Bra_pin"
0.969974684622095	145.041091411641	0	1.25	"Tri_pra_Ran_rep"
0.919753160621422	173.688618918388	0	1.25	"Tri_pra_Bro_ere"
1.06515153866402	127.064497148753	0	1.25	"Tri_pra_Ran_acr"
1.07232437071064	154.413390265924	0	1.25	"Tri_pra_Bro_hor"
1.12337999812192	151.182416307571	0	1.25	"Tri_pra_Pla_lan"
1.02028263873984	133.51435152989	0	1.25	"Tri_pra_Ach_mil"
0.971825768397708	143.76691610558	0	1.25	"Tri_pra_Ant_syl"
0.855323460249023	168.215890316319	0	1.25	"Tri_pra_Hel_pub"
0.879210763383008	154.803792680276	0	1.25	"Tri_pra_Bra_pin"
0.944896565574725	149.308112591478	0	1.25	"Ran_rep_Bro_ere"
0.907700437560302	140.771065058423	0	1.25	"Ran_rep_Ran_acr"
1.10339201347858	160.135636662955	0	1.25	"Ran_rep_Bro_hor"
0.906632798521576	155.950158581999	0	1.25	"Ran_rep_Pla_lan"
0.951769024115371	142.052394994844	0	1.25	"Ran_rep_Ach_mil"
0.923635567920822	178.261284560181	0	1.25	"Ran_rep_Ant_syl"
0.853182079389921	150.394828342248	0	1.25	"Ran_rep_Hel_pub"
0.941850875592837	162.990043309235	0	1.25	"Ran_rep_Bra_pin"
0.904916562940455	137.187778683684	0	1.25	"Bro_ere_Ran_acr"
0.939414004137726	159.33345377039	0	1.25	"Bro_ere_Bro_hor"
1.02301536273884	157.232208902057	0	1.25	"Bro_ere_Pla_lan"
0.838845622746263	143.13075604826	0	1.25	"Bro_ere_Ach_mil"
0.87516968110555	150.932163663375	0	1.25	"Bro_ere_Ant_syl"
0.207780522604469	166.976199685379	0	1.25	"Bro_ere_Hel_pub"
1.27013946340227	142.771021309979	0	1.25	"Bro_ere_Bra_pin"
1.06667155233661	133.31460203582	0	1.25	"Ran_acr_Bro_hor"
1.00614158972695	141.408654956243	0	1.25	"Ran_acr_Pla_lan"
1.09108242112114	173.93395691915	0	1.25	"Ran_acr_Ach_mil"
1.0134047519026	146.121113897933	0	1.25	"Ran_acr_Ant_syl"
1.08947222179899	144.553088034813	0	1.25	"Ran_acr_Hel_pub"
0.974588674538457	137.426861246702	0	1.25	"Ran_acr_Bra_pin"
0.969694846180096	176.820903762385	0	1.25	"Bro_hor_Pla_lan"
1.05201476176304	135.629014973576	0	1.25	"Bro_hor_Ach_mil"
0.999080327489347	166.44667726803	0	1.25	"Bro_hor_Ant_syl"
0.888776719284828	165.457556128599	0	1.25	"Bro_hor_Hel_pub"
0.964033944752758	178.296062448356	0	1.25	"Bro_hor_Bra_pin"
0.937577791153085	139.353186694653	0	1.25	"Pla_lan_Ach_mil"
0.981232351232385	160.510519601701	0	1.25	"Pla_lan_Ant_syl"
0.951863492151787	161.551750061715	0	1.25	"Pla_lan_Hel_pub"
0.622870754840267	177.653717327439	0	1.25	"Pla_lan_Bra_pin"
0.987566865258456	143.394686890542	0	1.25	"Ach_mil_Ant_syl"
0.863853063404936	143.055656639922	0	1.25	"Ach_mil_Hel_pub"
0.962017237493314	138.551053376581	0	1.25	"Ach_mil_Bra_pin"
0.688016396693703	140.945015574467	0	1.25	"Ant_syl_Hel_pub"
0.929708326245153	163.835254316286	0	1.25	"Ant_syl_Bra_pin"
1.0156115753587	172.938314922402	0	1.25	"Hel_pub_Bra_pin"
1.19197107252382	175.040618660511	0	1.5	"Poa_tri_Poa_pra"
1.09411349906208	164.528619299214	0	1.5	"Poa_tri_Alo_pra"
1.30261831258341	149.148189618498	0	1.5	"Poa_tri_Dac_glo"
1.17990604721487	176.485115452238	0	1.5	"Poa_tri_Tri_rep"
0.783338440684955	159.633333392424	0	1.5	"Poa_tri_Arr_ela"
0.962087714610275	166.299363042211	0	1.5	"Poa_tri_Fes_rub"
0.965800704189515	148.322511668854	0	1.5	"Poa_tri_Fes_pra"
1.0666868541413	163.614040777082	0	1.5	"Poa_tri_Tri_pra"
1.05973619983924	149.144037587368	0	1.5	"Poa_tri_Ran_rep"
0.928230055245722	158.996238455289	0	1.5	"Poa_tri_Bro_ere"
0.889620401114544	157.488858159185	0	1.5	"Poa_tri_Bro_hor"
0.781001548953739	160.651177718957	0	1.5	"Poa_tri_Pla_lan"
0.910585398539993	138.47714225114	0	1.5	"Poa_tri_Ach_mil"
0.463825362440332	164.274452359424	0	1.5	"Poa_tri_Ant_syl"
1.19008406010626	129.308572746887	0	1.5	"Poa_tri_Gal_mol"
0.721151055940996	159.518446893029	0	1.5	"Poa_tri_Hel_pub"
0.909480761656149	144.487378008873	0	1.5	"Poa_tri_Bra_pin"
1.00339793027235	169.25587129743	0	1.5	"Poa_pra_Alo_pra"
0.974969760369189	170.108705466137	0	1.5	"Poa_pra_Dac_glo"
1.27343890642308	166.29467353844	0	1.5	"Poa_pra_Tri_rep"
1.20705282848583	147.352847443109	0	1.5	"Poa_pra_Arr_ela"
1.24721910185128	165.128788217801	0	1.5	"Poa_pra_Fes_rub"
1.25646253236397	144.564957206827	0	1.5	"Poa_pra_Fes_pra"
1.24697277020479	172.394532034837	0	1.5	"Poa_pra_Tri_pra"
1.09548041128216	146.979124316352	0	1.5	"Poa_pra_Ran_rep"
0.942836698908204	162.57025881417	0	1.5	"Poa_pra_Bro_ere"
1.11978931337953	153.979315623035	0	1.5	"Poa_pra_Bro_hor"
1.39411527653052	139.496877479951	0	1.5	"Poa_pra_Pla_lan"
1.03102739385918	135.22338466531	0	1.5	"Poa_pra_Ach_mil"
1.00430431059309	140.657364453469	0	1.5	"Poa_pra_Ant_syl"
1.25297284992868	129.342180516533	0	1.5	"Poa_pra_Gal_mol"
0.950981703803972	149.89598712632	0	1.5	"Poa_pra_Hel_pub"
1.05610812393118	141.901697851987	0	1.5	"Poa_pra_Bra_pin"
1.0620058615086	177.425590489282	0	1.5	"Alo_pra_Dac_glo"
1.07241883293438	165.110675334129	0	1.5	"Alo_pra_Tri_rep"
1.08055407338286	152.129580788525	0	1.5	"Alo_pra_Arr_ela"
1.07989894241688	176.428402747951	0	1.5	"Alo_pra_Fes_rub"
0.968334889649639	151.341402342246	0	1.5	"Alo_pra_Fes_pra"
0.875856141588678	169.768528771503	0	1.5	"Alo_pra_Tri_pra"
1.19919901160132	145.186547625757	0	1.5	"Alo_pra_Ran_rep"
0.934906528416395	166.690277668599	0	1.5	"Alo_pra_Bro_ere"
1.07557752866311	162.329124053263	0	1.5	"Alo_pra_Bro_hor"
1.17137554893624	152.008033068654	0	1.5	"Alo_pra_Pla_lan"
1.10831788836548	132.862262483859	0	1.5	"Alo_pra_Ach_mil"
0.859892919914681	145.869627119693	0	1.5	"Alo_pra_Ant_syl"
0.925766493083483	142.384256870117	0	1.5	"Alo_pra_Gal_mol"
0.551874750402139	173.395288215196	0	1.5	"Alo_pra_Hel_pub"
0.952403981931864	146.886784112207	0	1.5	"Alo_pra_Bra_pin"
1.53811898161917	157.761103625716	0	1.5	"Dac_glo_Tri_rep"
1.09072654321165	140.071750391387	0	1.5	"Dac_glo_Arr_ela"
0.799780976543539	156.597236408546	0	1.5	"Dac_glo_Fes_rub"
1.33405557579581	165.768254014037	0	1.5	"Dac_glo_Fes_pra"
1.05907630305815	165.270391398312	0	1.5	"Dac_glo_Tri_pra"
0.960439482792845	150.532128429542	0	1.5	"Dac_glo_Ran_rep"
0.7292804295072	162.336465686461	0	1.5	"Dac_glo_Bro_ere"
1.25676324062035	154.546513612454	0	1.5	"Dac_glo_Bro_hor"
0.580993947739977	178.01589066739	0	1.5	"Dac_glo_Pla_lan"
1.05733176476678	151.127607798071	0	1.5	"Dac_glo_Ach_mil"
0.613225044039017	154.628771474587	0	1.5	"Dac_glo_Ant_syl"
1.37786279184482	122.41371489815	0	1.5	"Dac_glo_Gal_mol"
1.24307889010587	133.765196883878	0	1.5	"Dac_glo_Hel_pub"
0.772439571522401	149.161999749253	0	1.5	"Dac_glo_Bra_pin"
1.25709639281721	134.459933875731	0	1.5	"Tri_rep_Arr_ela"
1.46043942347902	141.936547724788	0	1.5	"Tri_rep_Fes_rub"
1.11712637811758	143.558903270258	0	1.5	"Tri_rep_Fes_pra"
0.828631282622906	179.127198860651	0	1.5	"Tri_rep_Tri_pra"
1.16190743085961	142.827270690211	0	1.5	"Tri_rep_Ran_rep"
1.00920050762109	153.887990757426	0	1.5	"Tri_rep_Bro_ere"
0.996144805915674	155.543248863731	0	1.5	"Tri_rep_Bro_hor"
1.25636887410859	141.873099972119	0	1.5	"Tri_rep_Pla_lan"
1.14851615470001	133.435768308714	0	1.5	"Tri_rep_Ach_mil"
1.12343733436661	132.21240138696	0	1.5	"Tri_rep_Ant_syl"
0.927835654429787	140.164799969782	0	1.5	"Tri_rep_Gal_mol"
0.817508459141424	155.260841779986	0	1.5	"Tri_rep_Hel_pub"
1.16105458980677	132.453788160495	0	1.5	"Tri_rep_Bra_pin"
0.929331391826139	142.526383940148	0	1.5	"Arr_ela_Fes_rub"
0.859817125890453	169.977889526206	0	1.5	"Arr_ela_Fes_pra"
0.820929485289165	133.202909759898	0	1.5	"Arr_ela_Tri_pra"
0.947434916673639	177.947319209056	0	1.5	"Arr_ela_Ran_rep"
0.856655861370484	163.441563347413	0	1.5	"Arr_ela_Bro_ere"
0.933071529949062	157.774372549412	0	1.5	"Arr_ela_Bro_hor"
1.11054814597238	176.203059706352	0	1.5	"Arr_ela_Pla_lan"
1.18329563104424	130.904096669582	0	1.5	"Arr_ela_Ach_mil"
1.26122440245708	145.06614293649	0	1.5	"Arr_ela_Ant_syl"
0.889611247829896	149.954154163463	0	1.5	"Arr_ela_Gal_mol"
0.448282172827104	159.136353957684	0	1.5	"Arr_ela_Hel_pub"
0.817291752652118	173.681572969684	0	1.5	"Arr_ela_Bra_pin"
1.05406097572146	148.918439836176	0	1.5	"Fes_rub_Fes_pra"
0.943363019285055	177.063997463146	0	1.5	"Fes_rub_Tri_pra"
1.14620596782171	155.363784035576	0	1.5	"Fes_rub_Ran_rep"
0.697336995723441	160.842704627881	0	1.5	"Fes_rub_Bro_ere"
1.03320311327352	158.836118930246	0	1.5	"Fes_rub_Bro_hor"
1.26354586660849	147.781021185586	0	1.5	"Fes_rub_Pla_lan"
0.670391616748451	134.225583342159	0	1.5	"Fes_rub_Ach_mil"
0.90080598348467	135.636587004823	0	1.5	"Fes_rub_Ant_syl"
1.07627073163731	137.893902938525	0	1.5	"Fes_rub_Gal_mol"
1.45691813465626	139.000419107662	0	1.5	"Fes_rub_Hel_pub"
1.00819114313969	130.596563420959	0	1.5	"Fes_rub_Bra_pin"
1.11192616045244	150.072398946309	0	1.5	"Fes_pra_Tri_pra"
1.12441916349467	178.499870552445	0	1.5	"Fes_pra_Ran_rep"
1.00195673827282	154.490956723008	0	1.5	"Fes_pra_Bro_ere"
1.01549670613535	159.075774538962	0	1.5	"Fes_pra_Bro_hor"
1.17806376217842	171.084306117885	0	1.5	"Fes_pra_Pla_lan"
1.21724901030179	129.967626404059	0	1.5	"Fes_pra_Ach_mil"
1.1001420977109	154.000965745679	0	1.5	"Fes_pra_Ant_syl"
1.39439281504039	125.168679055884	0	1.5	"Fes_pra_Gal_mol"
1.20487684674723	175.186410830387	0	1.5	"Fes_pra_Hel_pub"
1.17150749350137	171.197962027528	0	1.5	"Fes_pra_Bra_pin"
0.969974684622095	147.261145235052	0	1.5	"Tri_pra_Ran_rep"
0.919753160621422	164.300696899038	0	1.5	"Tri_pra_Bro_ere"
1.07232437071064	160.011342187352	0	1.5	"Tri_pra_Bro_hor"
1.12337999812192	151.341771729652	0	1.5	"Tri_pra_Pla_lan"
1.02028263873984	133.57544182457	0	1.5	"Tri_pra_Ach_mil"
0.971825768397708	139.078037166801	0	1.5	"Tri_pra_Ant_syl"
0.815191235198385	146.098248847576	0	1.5	"Tri_pra_Gal_mol"
0.855323460249023	158.780030139654	0	1.5	"Tri_pra_Hel_pub"
0.879210763383008	146.805459534005	0	1.5	"Tri_pra_Bra_pin"
0.944896565574725	157.48349026663	0	1.5	"Ran_rep_Bro_ere"
1.10339201347858	157.793748549402	0	1.5	"Ran_rep_Bro_hor"
0.906632798521576	160.647085737792	0	1.5	"Ran_rep_Pla_lan"
0.951769024115371	141.434958362753	0	1.5	"Ran_rep_Ach_mil"
0.923635567920822	160.271007608013	0	1.5	"Ran_rep_Ant_syl"
1.00590943468852	141.9139248711	0	1.5	"Ran_rep_Gal_mol"
0.853182079389921	163.337390823045	0	1.5	"Ran_rep_Hel_pub"
0.941850875592837	176.098995318916	0	1.5	"Ran_rep_Bra_pin"
0.939414004137726	174.434815637983	0	1.5	"Bro_ere_Bro_hor"
1.02301536273884	165.56376011196	0	1.5	"Bro_ere_Pla_lan"
0.838845622746263	143.654608395151	0	1.5	"Bro_ere_Ach_mil"
0.87516968110555	148.167638698036	0	1.5	"Bro_ere_Ant_syl"
1.22506959938028	129.972577867939	0	1.5	"Bro_ere_Gal_mol"
0.207780522604469	169.118168879367	0	1.5	"Bro_ere_Hel_pub"
1.27013946340227	138.673185364031	0	1.5	"Bro_ere_Bra_pin"
0.969694846180096	174.733073381452	0	1.5	"Bro_hor_Pla_lan"
1.05201476176304	135.057330901024	0	1.5	"Bro_hor_Ach_mil"
0.999080327489347	149.275369940812	0	1.5	"Bro_hor_Ant_syl"
1.25492277136064	128.30528682694	0	1.5	"Bro_hor_Gal_mol"
0.888776719284828	174.542160054824	0	1.5	"Bro_hor_Hel_pub"
0.964033944752758	158.572771305122	0	1.5	"Bro_hor_Bra_pin"
0.937577791153085	139.499266195561	0	1.5	"Pla_lan_Ach_mil"
0.981232351232385	148.973347950355	0	1.5	"Pla_lan_Ant_syl"
1.17061264452462	142.950476573069	0	1.5	"Pla_lan_Gal_mol"
0.951863492151787	173.667366748448	0	1.5	"Pla_lan_Hel_pub"
0.622870754840266	162.171636006939	0	1.5	"Pla_lan_Bra_pin"
0.987566865258456	147.877645023077	0	1.5	"Ach_mil_Ant_syl"
0.888812899123565	165.66602727368	0	1.5	"Ach_mil_Gal_mol"
0.863853063404936	144.00688325408	0	1.5	"Ach_mil_Hel_pub"
0.962017237493314	140.750487387083	0	1.5	"Ach_mil_Bra_pin"
1.0275601567353	149.729486607815	0	1.5	"Ant_syl_Gal_mol"
0.688016396693703	138.180065603019	0	1.5	"Ant_syl_Hel_pub"
0.929708326245153	162.863836309341	0	1.5	"Ant_syl_Bra_pin"
0.942960111885939	150.029971148848	0	1.5	"Gal_mol_Hel_pub"
0.873441628651942	146.052604662764	0	1.5	"Gal_mol_Bra_pin"
1.0156115753587	169.535438810003	0	1.5	"Hel_pub_Bra_pin"
1.19197107252382	178.849386034706	0	1.75	"Poa_tri_Poa_pra"
1.09411349906208	161.923934286477	0	1.75	"Poa_tri_Alo_pra"
1.30261831258341	153.239683769274	0	1.75	"Poa_tri_Dac_glo"
1.17990604721487	174.589750547324	0	1.75	"Poa_tri_Tri_rep"
0.783338440684955	156.438099512124	0	1.75	"Poa_tri_Arr_ela"
0.962087714610275	170.783170259758	0	1.75	"Poa_tri_Fes_rub"
0.965800704189515	151.080354341143	0	1.75	"Poa_tri_Fes_pra"
1.0666868541413	162.03825820189	0	1.75	"Poa_tri_Tri_pra"
1.05973619983924	150.217674434116	0	1.75	"Poa_tri_Ran_rep"
0.928230055245722	148.727330918326	0	1.75	"Poa_tri_Bro_ere"
0.889620401114544	160.563435264321	0	1.75	"Poa_tri_Bro_hor"
0.781001548953739	159.910145963696	0	1.75	"Poa_tri_Pla_lan"
0.910585398539993	138.480631494442	0	1.75	"Poa_tri_Ach_mil"
0.463825362440332	160.592124399507	0	1.75	"Poa_tri_Ant_syl"
1.19008406010626	131.235944267529	0	1.75	"Poa_tri_Gal_mol"
0.721151055940996	150.671939173164	0	1.75	"Poa_tri_Hel_pub"
0.909480761656149	137.883898322937	0	1.75	"Poa_tri_Bra_pin"
1.00339793027235	160.438917627046	0	1.75	"Poa_pra_Alo_pra"
0.974969760369189	168.69019014682	0	1.75	"Poa_pra_Dac_glo"
1.27343890642308	163.704457754658	0	1.75	"Poa_pra_Tri_rep"
1.20705282848583	140.813628593353	0	1.75	"Poa_pra_Arr_ela"
1.24721910185128	163.88774003454	0	1.75	"Poa_pra_Fes_rub"
1.25646253236397	145.27416856052	0	1.75	"Poa_pra_Fes_pra"
1.24697277020479	164.517244085397	0	1.75	"Poa_pra_Tri_pra"
1.09548041128216	145.561039223539	0	1.75	"Poa_pra_Ran_rep"
0.942836698908204	145.848863444658	0	1.75	"Poa_pra_Bro_ere"
1.11978931337953	152.798164726929	0	1.75	"Poa_pra_Bro_hor"
1.39411527653052	134.585417571731	0	1.75	"Poa_pra_Pla_lan"
1.03102739385918	135.02500648256	0	1.75	"Poa_pra_Ach_mil"
1.00430431059309	135.27274588188	0	1.75	"Poa_pra_Ant_syl"
1.25297284992868	131.202975584369	0	1.75	"Poa_pra_Gal_mol"
0.950981703803972	135.896520947571	0	1.75	"Poa_pra_Hel_pub"
1.05610812393118	132.108819351778	0	1.75	"Poa_pra_Bra_pin"
1.0620058615086	174.844214322203	0	1.75	"Alo_pra_Dac_glo"
1.07241883293438	154.990978809184	0	1.75	"Alo_pra_Tri_rep"
1.08055407338286	148.564982023689	0	1.75	"Alo_pra_Arr_ela"
1.07989894241688	175.627365506213	0	1.75	"Alo_pra_Fes_rub"
0.968334889649639	157.439093197133	0	1.75	"Alo_pra_Fes_pra"
0.875856141588678	168.463723613766	0	1.75	"Alo_pra_Tri_pra"
1.19919901160132	148.603139099395	0	1.75	"Alo_pra_Ran_rep"
0.934906528416395	155.114470512956	0	1.75	"Alo_pra_Bro_ere"
1.07557752866311	169.265427530134	0	1.75	"Alo_pra_Bro_hor"
1.17137554893624	153.265771522051	0	1.75	"Alo_pra_Pla_lan"
1.10831788836548	132.998573580058	0	1.75	"Alo_pra_Ach_mil"
0.859892919914681	140.099309324624	0	1.75	"Alo_pra_Ant_syl"
0.925766493083483	146.026057730255	0	1.75	"Alo_pra_Gal_mol"
0.551874750402139	161.472303948892	0	1.75	"Alo_pra_Hel_pub"
0.952403981931864	136.806736222085	0	1.75	"Alo_pra_Bra_pin"
1.53811898161917	154.270753391997	0	1.75	"Dac_glo_Tri_rep"
1.09072654321165	132.101859589906	0	1.75	"Dac_glo_Arr_ela"
0.799780976543539	156.374556853322	0	1.75	"Dac_glo_Fes_rub"
1.33405557579581	167.586493693738	0	1.75	"Dac_glo_Fes_pra"
1.05907630305815	171.339154467461	0	1.75	"Dac_glo_Tri_pra"
0.960439482792845	149.50917530116	0	1.75	"Dac_glo_Ran_rep"
0.7292804295072	143.727216093958	0	1.75	"Dac_glo_Bro_ere"
1.25676324062035	154.504788703859	0	1.75	"Dac_glo_Bro_hor"
0.580993947739977	173.026919696473	0	1.75	"Dac_glo_Pla_lan"
1.05733176476678	150.91671701925	0	1.75	"Dac_glo_Ach_mil"
0.613225044039017	147.342961657377	0	1.75	"Dac_glo_Ant_syl"
1.37786279184482	125.214074928142	0	1.75	"Dac_glo_Gal_mol"
1.24307889010587	116.444764370107	0	1.75	"Dac_glo_Hel_pub"
0.772439571522401	136.139837891807	0	1.75	"Dac_glo_Bra_pin"
1.25709639281721	128.56029974219	0	1.75	"Tri_rep_Arr_ela"
1.46043942347902	138.462807550871	0	1.75	"Tri_rep_Fes_rub"
1.11712637811758	143.218288184725	0	1.75	"Tri_rep_Fes_pra"
0.828631282622906	170.786923540703	0	1.75	"Tri_rep_Tri_pra"
1.16190743085961	140.82734806382	0	1.75	"Tri_rep_Ran_rep"
1.00920050762109	138.475122209111	0	1.75	"Tri_rep_Bro_ere"
0.996144805915674	152.902064170971	0	1.75	"Tri_rep_Bro_hor"
1.25636887410859	136.598927187442	0	1.75	"Tri_rep_Pla_lan"
1.14851615470001	133.220305588279	0	1.75	"Tri_rep_Ach_mil"
1.12343733436661	127.883671939709	0	1.75	"Tri_rep_Ant_syl"
0.927835654429787	141.392949212598	0	1.75	"Tri_rep_Gal_mol"
0.817508459141424	143.227049695308	0	1.75	"Tri_rep_Hel_pub"
1.16105458980677	124.479713527402	0	1.75	"Tri_rep_Bra_pin"
0.929331391826139	135.059320698237	0	1.75	"Arr_ela_Fes_rub"
0.859817125890453	172.698433712268	0	1.75	"Arr_ela_Fes_pra"
0.820929485289165	129.866291091727	0	1.75	"Arr_ela_Tri_pra"
0.947434916673639	169.481714606718	0	1.75	"Arr_ela_Ran_rep"
0.856655861370484	168.296017983892	0	1.75	"Arr_ela_Bro_ere"
0.933071529949062	146.877124139499	0	1.75	"Arr_ela_Bro_hor"
1.11054814597238	168.980840028997	0	1.75	"Arr_ela_Pla_lan"
1.18329563104424	132.393357312809	0	1.75	"Arr_ela_Ach_mil"
1.26122440245708	129.456044288529	0	1.75	"Arr_ela_Ant_syl"
0.889611247829896	164.810727718378	0	1.75	"Arr_ela_Gal_mol"
0.448282172827104	171.100183736319	0	1.75	"Arr_ela_Hel_pub"
0.817291752652118	151.418060057146	0	1.75	"Arr_ela_Bra_pin"
1.05406097572146	150.478045192865	0	1.75	"Fes_rub_Fes_pra"
0.943363019285055	170.620785270176	0	1.75	"Fes_rub_Tri_pra"
1.14620596782171	154.297817093828	0	1.75	"Fes_rub_Ran_rep"
0.697336995723441	142.794352377861	0	1.75	"Fes_rub_Bro_ere"
1.03320311327352	158.599853132487	0	1.75	"Fes_rub_Bro_hor"
1.26354586660849	142.907901252084	0	1.75	"Fes_rub_Pla_lan"
0.670391616748451	134.024743113963	0	1.75	"Fes_rub_Ach_mil"
0.90080598348467	128.972232641875	0	1.75	"Fes_rub_Ant_syl"
1.07627073163731	140.414444637854	0	1.75	"Fes_rub_Gal_mol"
1.45691813465626	122.731848276228	0	1.75	"Fes_rub_Hel_pub"
1.00819114313969	118.622308374338	0	1.75	"Fes_rub_Bra_pin"
1.11192616045244	154.240548888528	0	1.75	"Fes_pra_Tri_pra"
1.12441916349467	176.598964621182	0	1.75	"Fes_pra_Ran_rep"
1.00195673827282	173.360528233621	0	1.75	"Fes_pra_Bro_ere"
1.01549670613535	161.592652456853	0	1.75	"Fes_pra_Bro_hor"
1.17806376217842	179.421624210058	0	1.75	"Fes_pra_Pla_lan"
1.21724901030179	128.849194966551	0	1.75	"Fes_pra_Ach_mil"
1.1001420977109	131.140304862269	0	1.75	"Fes_pra_Ant_syl"
1.39439281504039	132.556720207622	0	1.75	"Fes_pra_Gal_mol"
1.20487684674723	156.424998186567	0	1.75	"Fes_pra_Hel_pub"
1.17150749350137	137.11011196812	0	1.75	"Fes_pra_Bra_pin"
0.969974684622095	149.327969292837	0	1.75	"Tri_pra_Ran_rep"
0.919753160621422	153.352527511299	0	1.75	"Tri_pra_Bro_ere"
1.07232437071064	164.916064984645	0	1.75	"Tri_pra_Bro_hor"
1.12337999812192	151.492234154521	0	1.75	"Tri_pra_Pla_lan"
1.02028263873984	133.633235616957	0	1.75	"Tri_pra_Ach_mil"
0.971825768397708	134.570030950722	0	1.75	"Tri_pra_Ant_syl"
0.815191235198385	148.711932765794	0	1.75	"Tri_pra_Gal_mol"
0.855323460249023	148.629285399996	0	1.75	"Tri_pra_Hel_pub"
0.879210763383008	138.811757485967	0	1.75	"Tri_pra_Bra_pin"
0.944896565574725	172.733418556434	0	1.75	"Ran_rep_Bro_ere"
1.10339201347858	156.440346811964	0	1.75	"Ran_rep_Bro_hor"
0.906632798521576	164.646952623854	0	1.75	"Ran_rep_Pla_lan"
0.951769024115371	141.030473858549	0	1.75	"Ran_rep_Ach_mil"
0.923635567920822	140.128931704942	0	1.75	"Ran_rep_Ant_syl"
1.00590943468852	150.920447648795	0	1.75	"Ran_rep_Gal_mol"
0.853182079389921	172.575019571105	0	1.75	"Ran_rep_Hel_pub"
0.941850875592837	145.82383934763	0	1.75	"Ran_rep_Bra_pin"
0.939414004137726	165.264868080369	0	1.75	"Bro_ere_Bro_hor"
1.02301536273884	179.675734484539	0	1.75	"Bro_ere_Pla_lan"
0.838845622746263	144.814248287271	0	1.75	"Bro_ere_Ach_mil"
0.87516968110555	141.90012049068	0	1.75	"Bro_ere_Ant_syl"
1.22506959938028	138.630519186398	0	1.75	"Bro_ere_Gal_mol"
0.207780522604469	174.243933288705	0	1.75	"Bro_ere_Hel_pub"
1.27013946340227	128.929570846038	0	1.75	"Bro_ere_Bra_pin"
0.969694846180096	168.802123826527	0	1.75	"Bro_hor_Pla_lan"
1.05201476176304	134.737628835257	0	1.75	"Bro_hor_Ach_mil"
0.999080327489347	138.259097883675	0	1.75	"Bro_hor_Ant_syl"
1.25492277136064	132.581258894523	0	1.75	"Bro_hor_Gal_mol"
0.888776719284828	152.166608751469	0	1.75	"Bro_hor_Hel_pub"
0.964033944752758	139.546682569513	0	1.75	"Bro_hor_Bra_pin"
0.937577791153085	139.63514768799	0	1.75	"Pla_lan_Ach_mil"
0.981232351232385	136.976487322079	0	1.75	"Pla_lan_Ant_syl"
1.17061264452462	149.877877108874	0	1.75	"Pla_lan_Gal_mol"
0.951863492151787	167.174356802428	0	1.75	"Pla_lan_Hel_pub"
0.622870754840267	142.370048883152	0	1.75	"Pla_lan_Bra_pin"
0.987566865258456	178.972464061575	0	1.75	"Ach_mil_Ant_syl"
0.888812899123566	145.864978376556	0	1.75	"Ach_mil_Gal_mol"
0.863853063404936	146.811948394395	0	1.75	"Ach_mil_Hel_pub"
0.962017237493314	153.711407999495	0	1.75	"Ach_mil_Bra_pin"
1.0275601567353	149.954835222889	0	1.75	"Ant_syl_Gal_mol"
0.688016396693703	129.622578288141	0	1.75	"Ant_syl_Hel_pub"
0.929708326245153	156.549087880824	0	1.75	"Ant_syl_Bra_pin"
0.942960111885939	167.035462242939	0	1.75	"Gal_mol_Hel_pub"
0.873441628651942	168.340478877614	0	1.75	"Gal_mol_Bra_pin"
1.0156115753587	158.20319894078	0	1.75	"Hel_pub_Bra_pin"
1.19197107252382	174.421271668873	0	2	"Poa_tri_Poa_pra"
1.09411349906208	159.598218204142	0	2	"Poa_tri_Alo_pra"
1.30261831258341	156.461010273728	0	2	"Poa_tri_Dac_glo"
1.17990604721487	168.976653414427	0	2	"Poa_tri_Tri_rep"
0.783338440684955	153.67799861782	0	2	"Poa_tri_Arr_ela"
0.962087714610275	174.258634829531	0	2	"Poa_tri_Fes_rub"
0.965800704189515	153.385198562909	0	2	"Poa_tri_Fes_pra"
1.0666868541413	160.643456213508	0	2	"Poa_tri_Tri_pra"
1.05973619983924	151.125132367985	0	2	"Poa_tri_Ran_rep"
0.928230055245722	139.094794600121	0	2	"Poa_tri_Bro_ere"
0.889620401114544	163.079962065808	0	2	"Poa_tri_Bro_hor"
0.781001548953739	159.275356978093	0	2	"Poa_tri_Pla_lan"
0.910585398539993	138.483600300338	0	2	"Poa_tri_Ach_mil"
1.19008406010626	132.870609421833	0	2	"Poa_tri_Gal_mol"
0.721151055940996	142.813593439001	0	2	"Poa_tri_Hel_pub"
1.00339793027235	154.311492915953	0	2	"Poa_pra_Alo_pra"
0.974969760369189	167.836610159577	0	2	"Poa_pra_Dac_glo"
1.27343890642308	162.325223531028	0	2	"Poa_pra_Tri_rep"
1.20705282848583	136.859987235864	0	2	"Poa_pra_Arr_ela"
1.24721910185128	163.141661872671	0	2	"Poa_pra_Fes_rub"
1.25646253236397	145.687433013946	0	2	"Poa_pra_Fes_pra"
1.24697277020479	158.824927204321	0	2	"Poa_pra_Tri_pra"
1.09548041128216	144.723747394817	0	2	"Poa_pra_Ran_rep"
0.942836698908204	134.205830543516	0	2	"Poa_pra_Bro_ere"
1.11978931337953	152.096392293505	0	2	"Poa_pra_Bro_hor"
1.39411527653052	131.576447704591	0	2	"Poa_pra_Pla_lan"
1.03102739385918	134.908879879096	0	2	"Poa_pra_Ach_mil"
1.25297284992868	132.28906998993	0	2	"Poa_pra_Gal_mol"
0.950981703803972	127.048081956595	0	2	"Poa_pra_Hel_pub"
1.0620058615086	168.66361591014	0	2	"Alo_pra_Dac_glo"
1.07241883293438	149.121621196317	0	2	"Alo_pra_Tri_rep"
1.08055407338286	144.728557740314	0	2	"Alo_pra_Arr_ela"
1.07989894241688	169.46945078352	0	2	"Alo_pra_Fes_rub"
0.968334889649639	163.31889177151	0	2	"Alo_pra_Fes_pra"
0.875856141588678	167.185835139859	0	2	"Alo_pra_Tri_pra"
1.19919901160132	152.017326180443	0	2	"Alo_pra_Ran_rep"
0.934906528416395	140.091847758927	0	2	"Alo_pra_Bro_ere"
1.07557752866311	175.401444368587	0	2	"Alo_pra_Bro_hor"
1.17137554893624	154.546642437268	0	2	"Alo_pra_Pla_lan"
1.10831788836548	133.14051508793	0	2	"Alo_pra_Ach_mil"
0.925766493083483	149.772081020789	0	2	"Alo_pra_Gal_mol"
0.551874750402139	147.6123380787	0	2	"Alo_pra_Hel_pub"
1.53811898161917	152.417935539867	0	2	"Dac_glo_Tri_rep"
1.09072654321165	126.721063949808	0	2	"Dac_glo_Arr_ela"
0.799780976543539	156.233714179295	0	2	"Dac_glo_Fes_rub"
1.33405557579581	168.725064052381	0	2	"Dac_glo_Fes_pra"
1.05907630305815	176.270773593602	0	2	"Dac_glo_Tri_pra"
0.960439482792845	148.851546557309	0	2	"Dac_glo_Ran_rep"
0.7292804295072	127.861981433549	0	2	"Dac_glo_Bro_ere"
1.25676324062035	154.478191945049	0	2	"Dac_glo_Bro_hor"
0.580993947739977	169.622290838303	0	2	"Dac_glo_Pla_lan"
1.05733176476678	150.782375870787	0	2	"Dac_glo_Ach_mil"
1.37786279184482	126.986319379047	0	2	"Dac_glo_Gal_mol"
1.24307889010587	103.768786989373	0	2	"Dac_glo_Hel_pub"
1.25709639281721	125.511602861511	0	2	"Tri_rep_Arr_ela"
1.46043942347902	136.609974280476	0	2	"Tri_rep_Fes_rub"
1.11712637811758	143.045625011678	0	2	"Tri_rep_Fes_pra"
0.828631282622906	164.635798095632	0	2	"Tri_rep_Tri_pra"
1.16190743085961	139.806393168429	0	2	"Tri_rep_Ran_rep"
1.00920050762109	129.73967729373	0	2	"Tri_rep_Bro_ere"
0.996144805915674	151.533704555978	0	2	"Tri_rep_Bro_hor"
1.25636887410859	133.836522362491	0	2	"Tri_rep_Pla_lan"
1.14851615470001	133.111240633555	0	2	"Tri_rep_Ach_mil"
0.927835654429787	142.013797064431	0	2	"Tri_rep_Gal_mol"
0.817508459141424	136.837138450621	0	2	"Tri_rep_Hel_pub"
0.929331391826139	130.127071201144	0	2	"Arr_ela_Fes_rub"
0.859817125890453	158.659468816251	0	2	"Arr_ela_Fes_pra"
0.820929485289165	126.635744629747	0	2	"Arr_ela_Tri_pra"
0.947434916673639	157.136420587889	0	2	"Arr_ela_Ran_rep"
0.856655861370484	175.8496354221	0	2	"Arr_ela_Bro_ere"
0.933071529949062	138.991295210039	0	2	"Arr_ela_Bro_hor"
1.11054814597238	161.293445641706	0	2	"Arr_ela_Pla_lan"
1.18329563104424	135.07461112394	0	2	"Arr_ela_Ach_mil"
0.889611247829896	174.556692278714	0	2	"Arr_ela_Gal_mol"
0.448282172827105	145.943174371746	0	2	"Arr_ela_Hel_pub"
1.05406097572146	151.445998602161	0	2	"Fes_rub_Fes_pra"
0.943363019285055	165.510812054396	0	2	"Fes_rub_Tri_pra"
1.14620596782171	153.62160078818	0	2	"Fes_rub_Ran_rep"
0.697336995723441	128.18570415276	0	2	"Fes_rub_Bro_ere"
1.03320311327352	158.450681950506	0	2	"Fes_rub_Bro_hor"
1.26354586660849	139.652007509674	0	2	"Fes_rub_Pla_lan"
0.670391616748451	133.89842764619	0	2	"Fes_rub_Ach_mil"
1.07627073163731	141.99131265929	0	2	"Fes_rub_Gal_mol"
1.45691813465626	111.225742789629	0	2	"Fes_rub_Hel_pub"
1.11192616045244	158.04507991638	0	2	"Fes_pra_Tri_pra"
1.12441916349467	173.603634138128	0	2	"Fes_pra_Ran_rep"
1.00195673827282	155.378356160497	0	2	"Fes_pra_Bro_ere"
1.01549670613535	163.143347396934	0	2	"Fes_pra_Bro_hor"
1.17806376217842	174.115977887521	0	2	"Fes_pra_Pla_lan"
1.21724901030179	128.249911408598	0	2	"Fes_pra_Ach_mil"
1.39439281504039	136.329809853813	0	2	"Fes_pra_Gal_mol"
1.20487684674723	122.619864187358	0	2	"Fes_pra_Hel_pub"
0.969974684622095	151.25204563843	0	2	"Tri_pra_Ran_rep"
0.919753160621422	141.380729127286	0	2	"Tri_pra_Bro_ere"
1.07232437071064	169.189302954224	0	2	"Tri_pra_Bro_hor"
1.12337999812192	151.634525886616	0	2	"Tri_pra_Pla_lan"
1.02028263873984	133.687992613003	0	2	"Tri_pra_Ach_mil"
0.815191235198385	151.173271762693	0	2	"Tri_pra_Gal_mol"
0.855323460249023	138.350617238186	0	2	"Tri_pra_Hel_pub"
0.944896565574725	157.824381761188	0	2	"Ran_rep_Bro_ere"
1.10339201347858	155.559565880005	0	2	"Ran_rep_Bro_hor"
0.906632798521576	168.062823001638	0	2	"Ran_rep_Pla_lan"
0.951769024115371	140.745002000537	0	2	"Ran_rep_Ach_mil"
1.00590943468852	156.859900131364	0	2	"Ran_rep_Gal_mol"
0.853182079389921	137.193759901461	0	2	"Ran_rep_Hel_pub"
0.939414004137726	143.318066557169	0	2	"Bro_ere_Bro_hor"
1.02301536273884	156.353309710515	0	2	"Bro_ere_Pla_lan"
0.838845622746263	149.535531363309	0	2	"Bro_ere_Ach_mil"
1.22506959938028	167.112033464881	0	2	"Bro_ere_Gal_mol"
0.207780522604468	160.07344486613	0	2	"Bro_ere_Hel_pub"
0.969694846180096	164.493490568274	0	2	"Bro_hor_Pla_lan"
1.05201476176304	134.533406705332	0	2	"Bro_hor_Ach_mil"
1.25492277136064	135.271305777946	0	2	"Bro_hor_Gal_mol"
0.888776719284828	133.159854857194	0	2	"Bro_hor_Hel_pub"
0.937577791153085	139.761861677696	0	2	"Pla_lan_Ach_mil"
1.17061264452462	156.071166487651	0	2	"Pla_lan_Gal_mol"
0.951863492151787	141.16513030293	0	2	"Pla_lan_Hel_pub"
0.888812899123566	141.220130759239	0	2	"Ach_mil_Gal_mol"
0.863853063404936	140.035821534745	0	2	"Ach_mil_Hel_pub"
0.942960111885939	125.496989111575	0	2	"Gal_mol_Hel_pub"
1.19197107252382	171.101131986102	0	2.25	"Poa_tri_Poa_pra"
1.09411349906208	157.515486876519	0	2.25	"Poa_tri_Alo_pra"
1.30261831258341	159.047907969107	0	2.25	"Poa_tri_Dac_glo"
1.17990604721487	165.187796495538	0	2.25	"Poa_tri_Tri_rep"
0.783338440684955	151.280338081814	0	2.25	"Poa_tri_Arr_ela"
0.962087714610275	177.012749880454	0	2.25	"Poa_tri_Fes_rub"
0.965800704189515	155.334268655822	0	2.25	"Poa_tri_Fes_pra"
1.0666868541413	159.401551202257	0	2.25	"Poa_tri_Tri_pra"
1.05973619983924	151.901855604308	0	2.25	"Poa_tri_Ran_rep"
0.889620401114544	165.170197981501	0	2.25	"Poa_tri_Bro_hor"
0.781001548953739	158.725618175383	0	2.25	"Poa_tri_Pla_lan"
0.910585398539993	138.486157026399	0	2.25	"Poa_tri_Ach_mil"
1.19008406010626	134.272393439453	0	2.25	"Poa_tri_Gal_mol"
1.00339793027235	149.8988329415	0	2.25	"Poa_pra_Alo_pra"
0.974969760369189	167.266757750034	0	2.25	"Poa_pra_Dac_glo"
1.27343890642308	161.46957431293	0	2.25	"Poa_pra_Tri_rep"
1.20705282848583	134.234734771131	0	2.25	"Poa_pra_Arr_ela"
1.24721910185128	162.643827400484	0	2.25	"Poa_pra_Fes_rub"
1.25646253236397	145.957989888583	0	2.25	"Poa_pra_Fes_pra"
1.24697277020479	154.596172638307	0	2.25	"Poa_pra_Tri_pra"
1.09548041128216	144.171309382319	0	2.25	"Poa_pra_Ran_rep"
1.11978931337953	151.631520780147	0	2.25	"Poa_pra_Bro_hor"
1.39411527653052	129.554225488918	0	2.25	"Poa_pra_Pla_lan"
1.03102739385918	134.832634601261	0	2.25	"Poa_pra_Ach_mil"
1.25297284992868	133.000425992723	0	2.25	"Poa_pra_Gal_mol"
1.0620058615086	163.7164048143	0	2.25	"Alo_pra_Dac_glo"
1.07241883293438	145.363333683203	0	2.25	"Alo_pra_Tri_rep"
1.08055407338286	140.626319298616	0	2.25	"Alo_pra_Arr_ela"
1.07989894241688	164.659341346561	0	2.25	"Alo_pra_Fes_rub"
0.968334889649639	168.877130384114	0	2.25	"Alo_pra_Fes_pra"
0.875856141588678	165.935270698035	0	2.25	"Alo_pra_Tri_pra"
1.19919901160132	155.405061069079	0	2.25	"Alo_pra_Ran_rep"
1.07557752866311	179.248883417305	0	2.25	"Alo_pra_Bro_hor"
1.17137554893624	155.849974901311	0	2.25	"Alo_pra_Pla_lan"
1.10831788836548	133.288441359908	0	2.25	"Alo_pra_Ach_mil"
0.925766493083483	153.593709758759	0	2.25	"Alo_pra_Gal_mol"
1.53811898161917	151.271487386705	0	2.25	"Dac_glo_Tri_rep"
1.09072654321165	122.905987508285	0	2.25	"Dac_glo_Arr_ela"
0.799780976543539	156.136598734942	0	2.25	"Dac_glo_Fes_rub"
1.33405557579581	169.504482744186	0	2.25	"Dac_glo_Fes_pra"
1.05907630305815	179.698286252886	0	2.25	"Dac_glo_Tri_pra"
0.960439482792845	148.393302909927	0	2.25	"Dac_glo_Ran_rep"
1.25676324062035	154.459758473105	0	2.25	"Dac_glo_Bro_hor"
0.580993947739977	167.166650526375	0	2.25	"Dac_glo_Pla_lan"
1.05733176476678	150.689308478402	0	2.25	"Dac_glo_Ach_mil"
1.37786279184482	128.20667128982	0	2.25	"Dac_glo_Gal_mol"
1.25709639281721	123.659462268302	0	2.25	"Tri_rep_Arr_ela"
1.46043942347902	135.4604261724	0	2.25	"Tri_rep_Fes_rub"
1.11712637811758	142.941262573064	0	2.25	"Tri_rep_Fes_pra"
0.828631282622906	160.579528188779	0	2.25	"Tri_rep_Tri_pra"
1.16190743085961	139.187307781876	0	2.25	"Tri_rep_Ran_rep"
0.996144805915674	150.697642600785	0	2.25	"Tri_rep_Bro_hor"
1.25636887410859	132.144144543789	0	2.25	"Tri_rep_Pla_lan"
1.1485161547	133.045369012309	0	2.25	"Tri_rep_Ach_mil"
0.927835654429787	142.388417744396	0	2.25	"Tri_rep_Gal_mol"
0.929331391826139	126.673348569048	0	2.25	"Arr_ela_Fes_rub"
0.859817125890453	148.233895221747	0	2.25	"Arr_ela_Fes_pra"
0.820929485289165	123.525768075472	0	2.25	"Arr_ela_Tri_pra"
0.947434916673639	146.034864833237	0	2.25	"Arr_ela_Ran_rep"
0.933071529949062	133.222175968812	0	2.25	"Arr_ela_Bro_hor"
1.11054814597238	153.388823859757	0	2.25	"Arr_ela_Pla_lan"
1.18329563104424	141.2752790736	0	2.25	"Arr_ela_Ach_mil"
0.889611247829896	151.571725153759	0	2.25	"Arr_ela_Gal_mol"
1.05406097572146	152.104948180638	0	2.25	"Fes_rub_Fes_pra"
0.943363019285055	161.419588980547	0	2.25	"Fes_rub_Tri_pra"
1.14620596782171	153.15453578397	0	2.25	"Fes_rub_Ran_rep"
1.03320311327352	158.347943067411	0	2.25	"Fes_rub_Bro_hor"
1.26354586660849	137.336606230367	0	2.25	"Fes_rub_Pla_lan"
0.670391616748451	133.811648977691	0	2.25	"Fes_rub_Ach_mil"
1.07627073163731	143.069395159454	0	2.25	"Fes_rub_Gal_mol"
1.11192616045244	161.502244675135	0	2.25	"Fes_pra_Tri_pra"
1.12441916349467	171.59361577645	0	2.25	"Fes_pra_Ran_rep"
1.01549670613535	164.19319863632	0	2.25	"Fes_pra_Bro_hor"
1.17806376217842	169.078902879851	0	2.25	"Fes_pra_Pla_lan"
1.21724901030179	127.876478269133	0	2.25	"Fes_pra_Ach_mil"
1.39439281504039	138.600765074587	0	2.25	"Fes_pra_Gal_mol"
0.969974684622095	153.043753033698	0	2.25	"Tri_pra_Ran_rep"
1.07232437071064	172.906408617214	0	2.25	"Tri_pra_Bro_hor"
1.12337999812192	151.769293262181	0	2.25	"Tri_pra_Pla_lan"
1.02028263873984	133.739945947	0	2.25	"Tri_pra_Ach_mil"
0.815191235198385	153.486895446915	0	2.25	"Tri_pra_Gal_mol"
1.10339201347858	154.940909588748	0	2.25	"Ran_rep_Bro_hor"
0.906632798521576	170.994237214389	0	2.25	"Ran_rep_Pla_lan"
0.951769024115371	140.532762735517	0	2.25	"Ran_rep_Ach_mil"
1.00590943468852	160.989171476853	0	2.25	"Ran_rep_Gal_mol"
0.969694846180096	161.255350034415	0	2.25	"Bro_hor_Pla_lan"
1.05201476176304	134.391670486711	0	2.25	"Bro_hor_Ach_mil"
1.25492277136064	137.112229355797	0	2.25	"Bro_hor_Gal_mol"
0.937577791153085	139.880304520594	0	2.25	"Pla_lan_Ach_mil"
1.17061264452462	161.519377066768	0	2.25	"Pla_lan_Gal_mol"
0.888812899123566	139.183856763175	0	2.25	"Ach_mil_Gal_mol"
1.19197107252382	168.535259151633	0	2.5	"Poa_tri_Poa_pra"
1.09411349906208	155.644278605011	0	2.5	"Poa_tri_Alo_pra"
1.30261831258341	161.162972054409	0	2.5	"Poa_tri_Dac_glo"
1.17990604721487	162.479956984266	0	2.5	"Poa_tri_Tri_rep"
0.783338440684955	149.185077998247	0	2.5	"Poa_tri_Arr_ela"
0.962087714610275	179.239423325023	0	2.5	"Poa_tri_Fes_rub"
0.965800704189515	157.000410696723	0	2.5	"Poa_tri_Fes_pra"
1.0666868541413	158.289705701282	0	2.5	"Poa_tri_Tri_pra"
1.05973619983924	152.573964586089	0	2.5	"Poa_tri_Ran_rep"
0.889620401114544	166.929616039612	0	2.5	"Poa_tri_Bro_hor"
0.781001548953739	158.244993698358	0	2.5	"Poa_tri_Pla_lan"
0.910585398539993	138.488381901611	0	2.5	"Poa_tri_Ach_mil"
1.19008406010626	135.48638114683	0	2.5	"Poa_tri_Gal_mol"
1.00339793027235	146.605446576596	0	2.5	"Poa_pra_Alo_pra"
0.974969760369189	166.859402230497	0	2.5	"Poa_pra_Dac_glo"
1.27343890642308	160.887167693691	0	2.5	"Poa_pra_Tri_rep"
1.20705282848583	132.371864589632	0	2.5	"Poa_pra_Arr_ela"
1.24721910185128	162.288060492992	0	2.5	"Poa_pra_Fes_rub"
1.25646253236397	146.148866915807	0	2.5	"Poa_pra_Fes_pra"
1.24697277020479	151.363314090999	0	2.5	"Poa_pra_Tri_pra"
1.09548041128216	143.779559974502	0	2.5	"Poa_pra_Ran_rep"
1.11978931337953	151.300955783993	0	2.5	"Poa_pra_Bro_hor"
1.39411527653052	128.105059089856	0	2.5	"Poa_pra_Pla_lan"
1.03102739385918	134.778736995301	0	2.5	"Poa_pra_Ach_mil"
1.25297284992868	133.502311153103	0	2.5	"Poa_pra_Gal_mol"
1.0620058615086	159.722339146087	0	2.5	"Alo_pra_Dac_glo"
1.07241883293438	142.771326692106	0	2.5	"Alo_pra_Tri_rep"
1.08055407338286	136.275943297121	0	2.5	"Alo_pra_Arr_ela"
1.07989894241688	160.848028342882	0	2.5	"Alo_pra_Fes_rub"
0.968334889649639	174.044613889202	0	2.5	"Alo_pra_Fes_pra"
0.875856141588678	164.712316358286	0	2.5	"Alo_pra_Tri_pra"
1.19919901160132	158.743396777572	0	2.5	"Alo_pra_Ran_rep"
1.07557752866311	174.620105383063	0	2.5	"Alo_pra_Bro_hor"
1.17137554893624	157.174981407153	0	2.5	"Alo_pra_Pla_lan"
1.10831788836548	133.442736953128	0	2.5	"Alo_pra_Ach_mil"
0.925766493083483	157.458513049547	0	2.5	"Alo_pra_Gal_mol"
1.53811898161917	150.492711420813	0	2.5	"Dac_glo_Tri_rep"
1.09072654321165	120.083055806399	0	2.5	"Dac_glo_Arr_ela"
0.799780976543539	156.065583389842	0	2.5	"Dac_glo_Fes_rub"
1.33405557579581	170.071342764731	0	2.5	"Dac_glo_Fes_pra"
1.05907630305815	176.372687882172	0	2.5	"Dac_glo_Tri_pra"
0.960439482792845	148.055743813942	0	2.5	"Dac_glo_Ran_rep"
1.25676324062035	154.446230008829	0	2.5	"Dac_glo_Bro_hor"
0.580993947739976	165.318003797342	0	2.5	"Dac_glo_Pla_lan"
1.05733176476678	150.621027129577	0	2.5	"Dac_glo_Ach_mil"
1.37786279184482	129.097452836969	0	2.5	"Dac_glo_Gal_mol"
1.25709639281721	122.41740180105	0	2.5	"Tri_rep_Arr_ela"
1.46043942347902	134.678194878456	0	2.5	"Tri_rep_Fes_rub"
1.11712637811758	142.871366542839	0	2.5	"Tri_rep_Fes_pra"
0.828631282622906	157.729964991469	0	2.5	"Tri_rep_Tri_pra"
1.16190743085961	138.771924211286	0	2.5	"Tri_rep_Ran_rep"
0.996144805915674	150.134076211194	0	2.5	"Tri_rep_Bro_hor"
1.25636887410859	131.002791182989	0	2.5	"Tri_rep_Pla_lan"
1.14851615470001	133.001272943539	0	2.5	"Tri_rep_Ach_mil"
0.927835654429787	142.639031269743	0	2.5	"Tri_rep_Gal_mol"
0.929331391826139	124.136932366056	0	2.5	"Arr_ela_Fes_rub"
0.859817125890453	140.652348846094	0	2.5	"Arr_ela_Fes_pra"
0.820929485289165	120.546980402073	0	2.5	"Arr_ela_Tri_pra"
0.947434916673639	136.673926309088	0	2.5	"Arr_ela_Ran_rep"
0.933071529949062	128.899228676325	0	2.5	"Arr_ela_Bro_hor"
1.11054814597238	145.559963825622	0	2.5	"Arr_ela_Pla_lan"
1.18329563104424	167.656235388506	0	2.5	"Arr_ela_Ach_mil"
0.889611247829896	132.391957731637	0	2.5	"Arr_ela_Gal_mol"
1.05406097572146	152.582377757968	0	2.5	"Fes_rub_Fes_pra"
0.943363019285055	158.101572080737	0	2.5	"Fes_rub_Tri_pra"
1.14620596782171	152.812625533904	0	2.5	"Fes_rub_Ran_rep"
1.03320311327352	158.272877209234	0	2.5	"Fes_rub_Bro_hor"
1.26354586660849	135.610801751797	0	2.5	"Fes_rub_Pla_lan"
0.670391616748451	133.748356747488	0	2.5	"Fes_rub_Ach_mil"
1.07627073163731	143.852524323656	0	2.5	"Fes_rub_Gal_mol"
1.11192616045244	164.635616871009	0	2.5	"Fes_pra_Tri_pra"
1.12441916349467	170.154655776164	0	2.5	"Fes_pra_Ran_rep"
1.01549670613535	164.950646570301	0	2.5	"Fes_pra_Bro_hor"
1.17806376217842	165.099498943042	0	2.5	"Fes_pra_Pla_lan"
1.21724901030179	127.621485484244	0	2.5	"Fes_pra_Ach_mil"
1.39439281504039	140.113304135237	0	2.5	"Fes_pra_Gal_mol"
0.969974684622095	154.713132612928	0	2.5	"Tri_pra_Ran_rep"
1.07232437071064	176.143482177345	0	2.5	"Tri_pra_Bro_hor"
1.12337999812192	151.897116357222	0	2.5	"Tri_pra_Pla_lan"
1.02028263873984	133.789305493893	0	2.5	"Tri_pra_Ach_mil"
0.815191235198385	155.658823852855	0	2.5	"Tri_pra_Gal_mol"
1.10339201347858	154.482618402625	0	2.5	"Ran_rep_Bro_hor"
0.906632798521576	173.524921344535	0	2.5	"Ran_rep_Pla_lan"
0.951769024115371	140.368784067939	0	2.5	"Ran_rep_Ach_mil"
1.00590943468852	163.99763313698	0	2.5	"Ran_rep_Gal_mol"
0.969694846180096	158.747617446213	0	2.5	"Bro_hor_Pla_lan"
1.05201476176304	134.287548304322	0	2.5	"Bro_hor_Ach_mil"
1.25492277136064	138.448735250247	0	2.5	"Bro_hor_Gal_mol"
0.937577791153085	139.99125953894	0	2.5	"Pla_lan_Ach_mil"
1.17061264452462	166.267619487045	0	2.5	"Pla_lan_Gal_mol"
0.888812899123566	138.04333123037	0	2.5	"Ach_mil_Gal_mol"
1.19197107252382	166.500393002221	0	2.75	"Poa_tri_Poa_pra"
1.09411349906208	153.957370744649	0	2.75	"Poa_tri_Alo_pra"
1.30261831258341	162.920031639133	0	2.75	"Poa_tri_Dac_glo"
1.17990604721487	160.456559262629	0	2.75	"Poa_tri_Tri_rep"
0.962087714610275	178.928226818231	0	2.75	"Poa_tri_Fes_rub"
0.965800704189515	158.438766575916	0	2.75	"Poa_tri_Fes_pra"
1.0666868541413	157.28922561902	0	2.75	"Poa_tri_Tri_pra"
1.05973619983924	153.161108134697	0	2.75	"Poa_tri_Ran_rep"
0.889620401114544	168.428338251477	0	2.75	"Poa_tri_Bro_hor"
0.781001548953739	157.821277191175	0	2.75	"Poa_tri_Pla_lan"
0.910585398539993	138.490335597516	0	2.75	"Poa_tri_Ach_mil"
1.19008406010626	136.547040541902	0	2.75	"Poa_tri_Gal_mol"
1.00339793027235	144.068865120674	0	2.75	"Poa_pra_Alo_pra"
0.974969760369189	166.553739851849	0	2.75	"Poa_pra_Dac_glo"
1.27343890642308	160.465219061357	0	2.75	"Poa_pra_Tri_rep"
1.24721910185128	162.021160725883	0	2.75	"Poa_pra_Fes_rub"
1.25646253236397	146.290742309718	0	2.75	"Poa_pra_Fes_pra"
1.24697277020479	148.82653615065	0	2.75	"Poa_pra_Tri_pra"
1.09548041128216	143.487316424408	0	2.75	"Poa_pra_Ran_rep"
1.11978931337953	151.053855083469	0	2.75	"Poa_pra_Bro_hor"
1.39411527653052	127.016870449027	0	2.75	"Poa_pra_Pla_lan"
1.03102739385918	134.738617745827	0	2.75	"Poa_pra_Ach_mil"
1.25297284992868	133.875322016083	0	2.75	"Poa_pra_Gal_mol"
1.0620058615086	156.459725185594	0	2.75	"Alo_pra_Dac_glo"
1.07241883293438	140.882737118865	0	2.75	"Alo_pra_Tri_rep"
1.07989894241688	157.778915504459	0	2.75	"Alo_pra_Fes_rub"
0.968334889649639	178.786391293982	0	2.75	"Alo_pra_Fes_pra"
0.875856141588678	163.517145140459	0	2.75	"Alo_pra_Tri_pra"
1.19919901160132	162.011374660648	0	2.75	"Alo_pra_Ran_rep"
1.07557752866311	170.625084144048	0	2.75	"Alo_pra_Bro_hor"
1.17137554893624	158.520755444196	0	2.75	"Alo_pra_Pla_lan"
1.10831788836548	133.603819898416	0	2.75	"Alo_pra_Ach_mil"
0.925766493083483	161.33177892644	0	2.75	"Alo_pra_Gal_mol"
1.53811898161917	149.929369475591	0	2.75	"Dac_glo_Tri_rep"
0.799780976543539	156.011392953905	0	2.75	"Dac_glo_Fes_rub"
1.33405557579581	170.502084500973	0	2.75	"Dac_glo_Fes_pra"
1.05907630305815	173.599677056983	0	2.75	"Dac_glo_Tri_pra"
0.960439482792845	147.796757520941	0	2.75	"Dac_glo_Ran_rep"
1.25676324062035	154.435878664163	0	2.75	"Dac_glo_Bro_hor"
0.580993947739976	163.878812149559	0	2.75	"Dac_glo_Pla_lan"
1.05733176476678	150.568793877062	0	2.75	"Dac_glo_Ach_mil"
1.37786279184482	129.775985975896	0	2.75	"Dac_glo_Gal_mol"
1.46043942347902	134.111673000816	0	2.75	"Tri_rep_Fes_rub"
1.11712637811758	142.821282750219	0	2.75	"Tri_rep_Fes_pra"
0.828631282622906	155.627911598474	0	2.75	"Tri_rep_Tri_pra"
1.16190743085961	138.473936760995	0	2.75	"Tri_rep_Ran_rep"
0.996144805915674	149.728524692832	0	2.75	"Tri_rep_Bro_hor"
1.25636887410859	130.18162403893	0	2.75	"Tri_rep_Pla_lan"
1.1485161547	132.969686338476	0	2.75	"Tri_rep_Ach_mil"
0.927835654429787	142.81846088245	0	2.75	"Tri_rep_Gal_mol"
1.05406097572146	152.944165691475	0	2.75	"Fes_rub_Fes_pra"
0.943363019285055	155.373556712701	0	2.75	"Fes_rub_Tri_pra"
1.14620596782171	152.551525951509	0	2.75	"Fes_rub_Ran_rep"
1.03320311327352	158.215630895465	0	2.75	"Fes_rub_Bro_hor"
1.26354586660849	134.277055390122	0	2.75	"Fes_rub_Pla_lan"
0.670391616748451	133.700152735299	0	2.75	"Fes_rub_Ach_mil"
1.07627073163731	144.446974815046	0	2.75	"Fes_rub_Gal_mol"
1.11192616045244	167.472362032863	0	2.75	"Fes_pra_Tri_pra"
1.12441916349467	169.07491447827	0	2.75	"Fes_pra_Ran_rep"
1.01549670613535	165.522734700084	0	2.75	"Fes_pra_Bro_hor"
1.17806376217842	161.904912991182	0	2.75	"Fes_pra_Pla_lan"
1.21724901030179	127.436304597773	0	2.75	"Fes_pra_Ach_mil"
1.39439281504039	141.19160847327	0	2.75	"Fes_pra_Gal_mol"
0.969974684622095	156.269736682067	0	2.75	"Tri_pra_Ran_rep"
1.07232437071064	178.970757534677	0	2.75	"Tri_pra_Bro_hor"
1.12337999812192	152.018517247261	0	2.75	"Tri_pra_Pla_lan"
1.02028263873984	133.836260698351	0	2.75	"Tri_pra_Ach_mil"
0.815191235198385	157.695994930466	0	2.75	"Tri_pra_Gal_mol"
1.10339201347858	154.12953457356	0	2.75	"Ran_rep_Bro_hor"
0.906632798521576	175.723675500016	0	2.75	"Ran_rep_Pla_lan"
0.951769024115371	140.238287612234	0	2.75	"Ran_rep_Ach_mil"
1.00590943468852	166.27552645772	0	2.75	"Ran_rep_Gal_mol"
0.969694846180096	156.755274413818	0	2.75	"Bro_hor_Pla_lan"
1.05201476176304	134.207821626948	0	2.75	"Bro_hor_Ach_mil"
1.25492277136064	139.462146393694	0	2.75	"Bro_hor_Gal_mol"
0.937577791153085	140.095414274987	0	2.75	"Pla_lan_Ach_mil"
1.17061264452462	170.38893225042	0	2.75	"Pla_lan_Gal_mol"
0.888812899123566	137.3146034855	0	2.75	"Ach_mil_Gal_mol"
1.19197107252382	164.851017022806	0	3	"Poa_tri_Poa_pra"
1.09411349906208	152.431347481482	0	3	"Poa_tri_Alo_pra"
1.30261831258341	164.400282112967	0	3	"Poa_tri_Dac_glo"
1.17990604721487	158.890817413234	0	3	"Poa_tri_Tri_rep"
0.962087714610275	177.396902715905	0	3	"Poa_tri_Fes_rub"
0.965800704189515	159.691566907227	0	3	"Poa_tri_Fes_pra"
1.0666868541413	156.384705055988	0	3	"Poa_tri_Tri_pra"
1.05973619983924	153.678336867075	0	3	"Poa_tri_Ran_rep"
0.889620401114544	169.718645836283	0	3	"Poa_tri_Bro_hor"
0.781001548953739	157.444965513521	0	3	"Poa_tri_Pla_lan"
0.910585398539993	138.492064845296	0	3	"Poa_tri_Ach_mil"
1.19008406010626	137.48108717434	0	3	"Poa_tri_Gal_mol"
1.00339793027235	142.062382086527	0	3	"Poa_pra_Alo_pra"
0.974969760369189	166.315928506047	0	3	"Poa_pra_Dac_glo"
1.27343890642308	160.145477669496	0	3	"Poa_pra_Tri_rep"
1.24721910185128	161.813536108708	0	3	"Poa_pra_Fes_rub"
1.25646253236397	146.400337722937	0	3	"Poa_pra_Fes_pra"
1.24697277020479	146.790277878112	0	3	"Poa_pra_Tri_pra"
1.09548041128216	143.260949618262	0	3	"Poa_pra_Ran_rep"
1.11978931337953	150.862157795958	0	3	"Poa_pra_Bro_hor"
1.39411527653052	126.170284790671	0	3	"Poa_pra_Pla_lan"
1.03102739385918	134.707592233291	0	3	"Poa_pra_Ach_mil"
1.25297284992868	134.163426720425	0	3	"Poa_pra_Gal_mol"
1.0620058615086	153.76083265366	0	3	"Alo_pra_Dac_glo"
1.07241883293438	139.448304244385	0	3	"Alo_pra_Tri_rep"
1.07989894241688	155.267860215897	0	3	"Alo_pra_Fes_rub"
0.968334889649639	176.903947279136	0	3	"Alo_pra_Fes_pra"
0.875856141588678	162.349825635821	0	3	"Alo_pra_Tri_pra"
1.19919901160132	165.190719165062	0	3	"Alo_pra_Ran_rep"
1.07557752866311	167.173750750508	0	3	"Alo_pra_Bro_hor"
1.17137554893624	159.886270351234	0	3	"Alo_pra_Pla_lan"
1.10831788836548	133.772145400481	0	3	"Alo_pra_Ach_mil"
0.925766493083483	165.178339404389	0	3	"Alo_pra_Gal_mol"
1.53811898161917	149.50300572029	0	3	"Dac_glo_Tri_rep"
0.799780976543539	155.968681556426	0	3	"Dac_glo_Fes_rub"
1.33405557579581	170.840445592464	0	3	"Dac_glo_Fes_pra"
1.05907630305815	171.262358566479	0	3	"Dac_glo_Tri_pra"
0.960439482792845	147.591777965522	0	3	"Dac_glo_Ran_rep"
1.25676324062035	154.427702844745	0	3	"Dac_glo_Bro_hor"
0.580993947739977	162.72794864822	0	3	"Dac_glo_Pla_lan"
1.05733176476678	150.527546074239	0	3	"Dac_glo_Ach_mil"
1.37786279184482	130.309916243686	0	3	"Dac_glo_Gal_mol"
1.46043942347902	133.682522986872	0	3	"Tri_rep_Fes_rub"
1.11712637811758	142.783633161822	0	3	"Tri_rep_Fes_pra"
0.828631282622906	154.017331345591	0	3	"Tri_rep_Tri_pra"
1.16190743085961	138.249750639089	0	3	"Tri_rep_Ran_rep"
0.996144805915674	149.422730220809	0	3	"Tri_rep_Bro_hor"
1.25636887410859	129.562716873806	0	3	"Tri_rep_Pla_lan"
1.14851615470001	132.945947317807	0	3	"Tri_rep_Ach_mil"
0.927835654429787	142.95326103132	0	3	"Tri_rep_Gal_mol"
1.05406097572146	153.227767935532	0	3	"Fes_rub_Fes_pra"
0.943363019285055	153.100657858952	0	3	"Fes_rub_Tri_pra"
1.14620596782171	152.345623311341	0	3	"Fes_rub_Ran_rep"
1.03320311327352	158.170532275118	0	3	"Fes_rub_Bro_hor"
1.26354586660849	133.216459377501	0	3	"Fes_rub_Pla_lan"
0.670391616748451	133.662216280207	0	3	"Fes_rub_Ach_mil"
1.07627073163731	144.913510204831	0	3	"Fes_rub_Gal_mol"
1.11192616045244	170.040616054274	0	3	"Fes_pra_Tri_pra"
1.12441916349467	168.235356337744	0	3	"Fes_pra_Ran_rep"
1.01549670613535	165.970003857822	0	3	"Fes_pra_Bro_hor"
1.17806376217842	159.298894857678	0	3	"Fes_pra_Pla_lan"
1.21724901030179	127.295720705498	0	3	"Fes_pra_Ach_mil"
1.39439281504039	141.998676441695	0	3	"Fes_pra_Gal_mol"
0.969974684622095	157.722540179489	0	3	"Tri_pra_Ran_rep"
1.07232437071064	178.55003627046	0	3	"Tri_pra_Bro_hor"
1.12337999812192	152.133967064264	0	3	"Tri_pra_Pla_lan"
1.02028263873984	133.880983000852	0	3	"Tri_pra_Ach_mil"
0.815191235198385	159.605879567831	0	3	"Tri_pra_Gal_mol"
1.10339201347858	153.849180139853	0	3	"Ran_rep_Bro_hor"
0.906632798521576	177.646420428702	0	3	"Ran_rep_Pla_lan"
0.951769024115371	140.131969446858	0	3	"Ran_rep_Ach_mil"
1.00590943468852	168.054960717711	0	3	"Ran_rep_Gal_mol"
0.969694846180096	155.137875388539	0	3	"Bro_hor_Pla_lan"
1.05201476176304	134.144816062591	0	3	"Bro_hor_Ach_mil"
1.25492277136064	140.256529944609	0	3	"Bro_hor_Gal_mol"
0.937577791153085	140.19337468114	0	3	"Pla_lan_Ach_mil"
1.17061264452462	173.96472821052	0	3	"Pla_lan_Gal_mol"
0.888812899123566	136.808904382601	0	3	"Ach_mil_Gal_mol"
