"Poa_tri"	"Poa_pra"	"Alo_pra"	"Dac_glo"	"Tri_rep"	"Tar_sp"	"Lol_per"	"Arr_ela"	"Fes_rub"	"Fes_pra"	"Tri_fla"	"Ely_rep"	"Tri_pra"	"Ran_rep"	"Bro_ere"	"Ran_acr"	"Bro_hor"	"Pla_lan"	"Ach_mil"	"Ant_syl"	"Her_sph"	"Gal_mol"	"Hol_lan"	"Hel_pub"	"Car_hir"	"Bra_pin"
"Poa_tri"	-0.88953194734189	0.0488725130354693	0.0775458670803614	0.113459027403803	0.0984879800011835	-0.13304065363857	-0.170152203217239	-0.139102076860534	-0.0122615289542066	-0.117202685732064	-0.290325480481472	0.103565661167801	0.239307528231485	-0.0299464910651361	-0.0273123245128227	0.417193651415943	-0.149910837758866	-0.285801129976121	-0.0677314765952372	-0.815988838031612	0.394606388820094	0.191677539647516	-0.0974941862947536	-0.100440338633273	-1.22086313445055	-0.0432148407178496
"Poa_pra"	0.207844542572813	-0.677522158315658	0.0818502413918888	-0.000603967757015125	0.0595369798832849	0.303708579003103	0.183525270026514	0.0732218541369987	0.0758485501250372	0.283073268931107	0.121267948288286	0.147230293853963	0.414815547979052	0.111622434405347	0.0610015443298439	-0.043477933399094	0.206187295667701	0.594932874527255	0.0219363964637263	0.0112203339272967	-0.147567709705383	0.234857827021584	0.523729204051714	0.0281616759857392	0.349549501658925	0.075119327518519
"Alo_pra"	0.0311936128974488	-0.0773304421294819	-0.684667240190999	0.00161736489271599	-0.0114017974880319	0.0108320326716968	-0.0109796785800612	0.0252753052362544	0.018002132126048	-0.0709560687825021	0.264402241223172	0.051441479723659	-0.150542486720584	0.274438320651917	0.051096683836665	0.445202573943644	0.0831541947954779	0.240659426515969	0.0822348164147702	-0.123711711112763	-0.782842781231662	-0.109650897278635	-0.290362326469964	-0.173668918628012	-0.205631729097418	0.00191720893994734
"Dac_glo"	0.00432191326800769	-0.0248152387715542	0.0618896609582048	-0.223087012595306	0.196751945678049	0.0790642828986601	0.0630081868627547	0.119325902899617	-0.121713123432424	0.0178847020440504	-0.464061637450017	-0.0105340502353904	0.000611400981489325	0.0211220389460484	0.0510558023552598	-0.0812868679778153	0.461001180914837	-0.522972574416334	-0.12276170222815	-0.384462221910542	0.293500558143077	0.43149002591259	0.0915307522199154	0.249048414376062	0.459068827471844	-0.0711750423621408
"Tri_rep"	0.116424615657889	0.237306126197291	0.0905845779515062	0.135998559379633	-0.641011267293593	0.246782243842045	0.370326699349991	0.14956603934258	0.22053580533573	0.126343253053639	0.267856805472691	0.00226327469523822	-0.21557125242812	0.194098279046447	0.15690127444803	0.558335991105973	-0.00205053015629069	0.347053688104772	0.09101328723144	0.16957124167637	0.208704622489169	-0.087954909558324	0.0834019038852497	-0.0478606729879252	0.179089944787431	0.19017388425334
"Tar_sp"	0.0537330498994412	0.0681922326958403	0.0989261425798132	0.216721199366444	0.296690334507349	-0.707414179740394	0.132131719961712	0.0311777859841871	-0.0594123339820516	0.293648645980153	0.115698656716817	0.0890737770197088	0.130111598291922	0.0934795842641991	0.0778423610873859	-0.253743089925631	0.0362891572116086	0.257160546413938	0.304680973841948	0.336673877615228	-0.081057027262177	0.101511943375483	0.0389803783292827	0.129302145053087	-0.10475599229425	0.13688714583131
"Lol_per"	-0.0168113533473839	-0.0626237773098912	0.0504995319079736	0.127355514695018	-0.0408563540052016	0.185061965866956	-0.362250671189816	-0.0189952059138368	0.0126575367882939	-0.00335379149103182	0.0107432164072095	-0.154653200024919	0.138788282617221	-0.0364095650361817	0.0416773858835054	-0.0772138057581377	0.123442655123335	0.0536727544909815	0.286722971013732	-0.0751571795414301	0.423232615027594	-0.122682842590704	0.0829707807967955	0.0458714047215753	0.319503132580948	-0.0205534612273671
"Arr_ela"	0.0553424733586541	0.0712611033289513	0.0338062009239785	-0.0469949354284279	-0.016294862458084	0.0177701837760819	-0.0602403525865797	-0.326758123109192	-0.0569767592298157	-0.0665957877553978	-0.0156793898653908	-0.0619519670510299	-0.450697285676042	-0.0819221738650121	-0.0118259044727756	0.597319873537768	-0.186214138405195	0.176533653220385	0.163733764817057	0.308298988745626	0.12597132998401	-0.179011896070463	0.139263902505601	-0.18508171063459	-0.0877972131703832	-0.082504609724528
"Fes_rub"	-0.00176086283120868	0.0310839710353826	0.0281454750226575	0.0464235674649284	-0.0514783346071309	-0.00168143081982645	0.0366465632000263	0.0496112496929429	-0.212738447454747	0.0734177783228524	0.128404333680685	-0.00972205418235066	0.180640967289879	0.0583731322023029	0.00868116074814399	0.181580374538446	0.14561411039476	0.411691210565158	-0.129391244841535	0.0354643077795354	-0.0782384904915168	0.030307583080904	0.0201690344340707	0.268435873090791	0.153505672846978	0.195597764057724
"Fes_pra"	0.0456144844871307	0.104970470443374	0.00955136705689583	0.124393467530207	0.0455298062302612	0.103126376514432	0.00136245713259464	-0.0528708329427356	0.00404817063906781	-1.11259716722797	0.114268290484689	-0.00296949045101325	0.164454021691821	0.134809357561262	0.025770879065371	0.0916359882260335	0.002811290511056	0.242099554601944	0.202289547817936	0.159441567583344	-0.093075803429949	0.48300825912059	0.125286412747223	0.111428017106848	-0.104071868662075	0.16052749737165
"Tri_fla"	0.0245732291854979	0.0657401947530442	-0.0395274546826209	-0.23918909896006	0.0300932913125293	0.0104162764487156	-0.000583717121598309	-0.0347884906246356	0.0713102599973713	0.0485614508823234	-0.552055069307724	0.0169313057445975	-0.0448695263462377	-0.0633701922194036	0.00576342936762604	-0.0149847459351091	0.143489160839984	0.274100999255627	0.272213058715527	0.119425935034896	0.0356732450795336	0.00497354745203655	0.0288175987453961	-0.0524136853188499	-0.0187410928511962	0.152190953090548
"Ely_rep"	0.151087136227466	-0.0751238128886395	-0.0499058122503163	-0.0544487519688066	0.0240652781223713	-0.0367034851336533	-0.00623369067470193	-0.0309304507601617	0.0636681356187558	0.0226204833263208	-0.0954235974837317	0.340227744129638	-0.0654155485253304	0.0731863790704288	-0.0160016871655441	-0.0353678115656313	0.142562529201745	-0.11682207427319	-0.118864402023376	0.344483648777084	-0.186190259156833	-0.107538758514344	-0.113659778318476	-0.0729104505468742	0.272521137873081	-0.0519227018823629
"Tri_pra"	-0.112357329157785	0.00119919147966927	-0.0332356925145996	0.0206265567629637	-0.0391193394345692	0.079246684676427	0.014338058200798	0.0442813950806671	-0.0575525655194601	0.0177977002017915	0.126322653477551	-0.0744128278708747	-1.02023207668923	-0.0267293645441753	-0.0357629235300687	0.252816565094422	0.0196516961164111	0.136591153482039	0.032410731680419	0.00384430544568155	-0.0700781900847626	-0.227207568796906	-0.0536606099930782	-0.0463951155918033	-0.0733526131608349	-0.0578423753070249
"Ran_rep"	0.108999120691187	0.0309268317822704	0.0417117387271548	-0.018325187277778	0.0476237126227071	-0.0271125963932528	-0.00285685041973364	-0.00190987932655574	0.0376003075706437	0.0775638549980314	-0.0826482859808148	0.0124911612505231	-0.0225368194728141	-1.06565322856137	0.00113570807029712	-0.108864481292646	0.00674918994905684	-0.131000460222371	-0.0437602072897381	-0.0505701861844958	0.0966486903898421	-0.00325942524026301	-0.109052016836616	-0.0387027564443659	0.191422353723787	-0.0147017877976262
"Bro_ere"	-0.0747969865081357	-0.105276024742546	-0.107809321477036	-0.115895972941542	-0.0967617685765987	-0.0820610279610483	-0.0998661318824578	-0.0705589687666075	-0.111998960206695	-0.0268706907920193	-0.0532963282528279	-0.0999120095287316	-0.0903067557961815	-0.0937584303518312	-0.946519625299215	-0.116540542099405	-0.11665138265248	0.0311376958971435	-0.146276729856675	-0.117228423302395	-0.163541576524728	0.219759728899752	-0.137294718136092	-0.457531330863497	-0.13516093985818	0.267366154357007
"Ran_acr"	0.00856656398917798	-0.0314774210151747	-0.0188252562888311	-0.0517015176008999	-0.0449776433881659	-0.0426568044551167	-0.0130204971992486	-0.0387589162847192	-0.00388340152395675	-0.0399140507698123	0.0987071786649952	-0.0296522035865048	-0.104566293813477	-0.059657163712773	-0.051212446373687	-1.21913322269661	-0.0240852541179872	0.0630388383052164	0.103401592390518	0.0886541691348486	-0.00692386357904978	-0.142509230415333	-0.0632907735769441	0.0585674357269544	-0.101142315141579	-0.0109079977404165
"Bro_hor"	-0.0193987796156688	-0.0128185440229011	0.0234172832118722	-0.00799475026178177	-0.0025424862927083	0.0864469951783228	0.0479729723722446	0.0269801191369936	-0.02030188352528	0.0238996159835679	-0.000451352553289936	-0.0427377832958792	0.0957586517029248	0.167091422853772	0.0219046896933179	0.158473794752554	-0.981405576123165	-0.00151750176428751	0.0443442987471605	-0.0140295941149574	0.222054727454435	0.27399891510111	0.025559858199144	-0.0134810333416955	0.0546475137059846	-0.00366640034883024
"Pla_lan"	-0.0102232040671566	-0.00284048099114997	-0.00944020913089497	-0.0211727562638532	0.0036117509823269	-0.0463233970089769	-0.00116786367463657	-0.0119340033579647	-0.0101389973121178	-0.00543509306953164	0.057150213221697	-0.00608986167659546	0.0308584240524481	0.0110017851514816	-0.00137554476753818	-0.0810394824355373	-0.0449499723741691	-0.827614064133242	-0.0481801209940173	0.00341563759180755	-0.0216188654884461	0.0425234804973213	0.0377689100824073	-0.037210967675682	-0.0230719926912249	-0.154246764991979
"Ach_mil"	-0.0198834332275344	0.00699725846793505	0.0185362264704065	0.0694711654720386	0.0482808683906917	-0.0661400179472788	0.0614401327468641	0.00280458503986806	-0.0646069512146346	0.000758474297238008	0.120792829539698	0.0263787496096322	-0.0253660852247035	0.000799886636631364	-0.0021617345516007	-0.0440651281515058	0.00409814579530621	-0.0114613977028657	-0.57082528910914	0.0396300339860942	0.00877302827887278	-0.0951842353229783	0.0922398233833973	0.00218696771436115	-0.042992701779832	-0.00579540314835077
"Ant_syl"	0.00920050541492455	-0.00607850993766142	-0.0331034138618477	-0.025337769245849	-0.0253679339512794	-0.027011326370568	-0.0330980900703723	0.000744181582029101	-0.0443444348677058	-0.0698063085375091	0.00577572020619071	-0.0158495870547097	-0.0506927900885179	-0.0524281088678682	-0.0313927468930507	-0.125556270321653	0.0178891901025128	-0.0283732442337261	-0.0429180681002007	-0.713129787351878	0.10609479237957	0.00249522443717132	-0.044236274932991	-0.130651996067617	-0.00456406228113332	-0.0204353286564055
"Her_sph"	-0.0126971566240188	-0.0300579340955568	-0.0328864022763321	-0.00719190807598013	-0.0113446503253887	-0.0279935478805006	-0.0165153131850456	0.0125834788540025	-0.0299939789989001	-0.0116404436774648	-0.0434339006695411	0.0516289074414462	-0.0632778515853227	0.0192622198451403	-0.0245139059581377	-0.110836817608856	-0.0123793185888141	-0.0100216121645335	-0.0434105130203546	-0.0960751104737415	-0.362468442913378	-0.0436440805210013	-0.0136036579132746	-0.0462170653750842	-0.100152681161046	-0.0151774492946051
"Gal_mol"	0.0271854568699355	0.0493853619519548	0.0268737234629297	0.00888711841583672	0.00769722868221993	0.0187939491648037	0.00357398034545198	0.025434186864404	0.0162865569195077	0.0157223268529682	-0.0352513358558963	-0.0093577707763992	0.0249298073408773	0.0148696631281159	0.0459326841645744	0.107756435876379	0.0258445193065977	0.173930445074032	-0.0223343488232678	0.0283377032979565	0.11193900701007	-0.697923337438224	-0.0105979501633616	0.0422310685801101	0.0337831568297445	-0.015708041643398
"Hol_lan"	0.0771195084927026	0.0402302216188558	0.0231297212608491	0.00428822421951857	0.0280555057874978	-0.0073349507565584	-0.0390001705111581	0.0241653737999615	0.036097036491191	0.0167750339420619	0.0506912688852795	0.00340673324848821	0.0463651118140005	-0.0166725208467882	0.00780348570034103	-0.0235989390494403	-0.0101276329234738	-0.162841450705864	0.14137677391478	0.0114284148364018	-0.0717662083695934	-0.0485032927488298	-0.50870008485603	0.0195559665630659	0.116113289571114	-0.0190954754849441
"Hel_pub"	-0.0760549249349409	-0.123181242784261	-0.0944507780466076	-0.0834610868013467	-0.0727525190505904	-0.0864289147143432	-0.0735709705224901	-0.0906450217773801	-0.0126770915242491	-0.0734216303038879	-0.0311120527407954	-0.0703551885529675	-0.0600884686138866	-0.095861723004122	-0.203080784535027	-0.0865819526961411	-0.123658504415023	0.0496587107781142	-0.128771453354014	-0.0310287579879964	-0.0287075675800055	-0.173131064400384	-0.075440416587157	-0.272849168039437	-0.0845632088430997	-0.0601362151957853
"Car_hir"	0.0707436914959006	0.042641229719472	-0.00105808189369661	-0.0109146192726633	0.00105815804691854	0.0326423156342901	-0.0105033337944681	0.0235357157838449	0.008289742005799	0.0296095912335062	-0.0163877070030934	0.00436549390067653	0.000238479763603457	-0.0442922895660101	0.0212954310054679	0.0687242275606563	-0.0242543029481901	-0.0133761182852844	-0.052795435501579	0.0358378239666505	-0.0255259748564398	0.000662002377140831	0.229943313905869	0.035112945796539	0.100019946902454	0.0116029951960948
"Bra_pin"	-0.0545553275603515	-0.035218970947084	-0.053762040334257	-0.050976370279102	-0.0577575562195488	-0.0460506762233273	-0.0533221707183175	-0.0438376990618601	-0.0750091309387945	-0.025865008871266	-0.0821497444225053	-0.0688759104537905	-0.0834293312263397	-0.0680311562322219	-0.0386133107585773	-0.0237095632327787	-0.0487313639870094	-0.265645030014857	-0.027870456186422	-0.0514896026675946	-0.0380004190421141	-0.119317100464501	-0.0523346514522061	0.0375931149588356	-0.0688446915997132	-0.532787672845672
